25
201 200 1 1440 27197 1435
198 200 1 1440 101 1
194 200 1001 1440 17654 433
204 200 601 1440 103 199 
202 200 1 1440 101 1
200 204 601 1440 25200 199
203 200 401 1440 102 199
200 202 1 1440 101 1
197 200 401 1440 102 199
206 200 0 1440 8576 1
200 199 1 1440 27197 1435
200 206 1001 1440 27200 433
200 194 1001 1440 10000 433
206 200 1001 1440 105 433
200 205 801 1440 23512 199
196 200 601 1440 103 199
199 200 1 1440 27197 1435
205 200 801 1440 104 199 
200 195 801 1440 14758 199
200 197 401 1440 102 199
200 196 601 1440 103 199 
200 198 1 1440 101 1
195 200 801 1440 104 199
200 201 1 1440 27197 1435
200 203 401 1440 102 199