25
200 199 0 1440 18723 1438 
212 200 1226 1440 11543 202
193 200 500 1440 672 225
208 200 600 1440 4538 158
205 200 340 1440 5654 61
200 202 1230 1440 9214 199
209 200 700 1440 6351 99
192 200 1400 1430 134 1
190 200 1429 1430 17209 1
199 200 0 1440 8941 1
207 200 500 1440 5784 111
206 200 450 1440 8576 104
202 200 100 1440 3023 105
191 200 1420 1429 1912 1
210 200 800 1440 4752 78
198 200 1 1440 52 239
211 200 900 1440 12452 197
201 200 1 1440 4352 101
203 200 200 1440 5284 121
194 200 300 1440 245 237
204 200 300 1440 7031 79
197 200 240 1440 1254 239
200 201 0 1440 14365 1237
195 200 700 1440 123 238
196 200 480 1440 314 239