60
204 197 1 1436 574 50
202 196 0 1439 518 28
202 204 3 1440 325 55
202 202 2 472 14763 1400
200 196 1 1440 398 33
200 204 0 1437 900 56
198 202 3 662 12609 1415
198 204 0 1437 797 27
198 198 3 492 10225 1409
200 198 9 909 10184 1411
196 201 0 1437 638 51
204 200 2 1438 724 37
200 203 1 503 16480 1411
200 202 10 1025 12751 1409
200 197 6 442 16852 1421
203 196 4 1436 690 35
198 196 0 1437 474 35
198 201 0 865 11533 1423
200 200 3 486 11093 1404
201 198 3 352 14815 1413
199 200 5 1426 10137 1400
196 196 3 1439 428 42
199 201 7 304 11313 1427
196 202 4 1439 1000 47
200 201 5 1350 16380 1408
196 200 0 1439 596 27
202 199 3 578 13791 1421
199 204 2 1437 568 28
203 200 6 724 14275 1422
198 200 8 312 15767 1422
201 201 1 1123 16655 1425
196 204 0 1440 343 56
203 204 3 1440 569 37
199 196 0 1439 428 55
204 196 4 1438 574 52
204 203 4 1438 727 60
199 202 3 125 14725 1418
201 199 2 949 14809 1421
199 198 6 598 16723 1414
197 200 6 572 12321 1430
204 202 2 1438 462 57
202 201 5 630 12163 1428
201 196 4 1439 414 50
196 198 0 1436 747 53
198 199 10 1257 11103 1421
201 200 1 1052 12429 1425
196 197 3 1437 425 52
196 199 3 1439 594 36
197 196 0 1439 798 58
204 201 2 1439 763 61
200 199 6 175 12927 1409
204 199 1 1437 445 46
202 198 0 498 17161 1425
197 204 0 1437 781 53
199 199 5 103 12256 1421
201 204 4 1439 329 33
201 202 2 1051 14743 1428
204 198 3 1437 552 55
196 203 3 1440 616 35
202 200 8 314 13311 1414