60
198 196 4 1440 667 34
199 200 1 578 11488 1408
197 204 1 1439 584 61
200 200 10 254 12966 1400
196 199 2 1438 479 32
200 197 1 510 14103 1406
200 202 2 1413 14680 1412
202 202 7 603 16353 1421
204 204 3 1437 526 30
196 196 4 1438 898 62
203 204 4 1438 722 36
199 196 2 1437 830 43
200 196 1 1440 653 37
198 202 6 1337 11110 1411
198 198 9 337 14538 1409
196 201 3 1437 892 26
202 198 3 931 14021 1408
196 202 2 1438 900 92
196 198 3 1436 436 35
204 196 1 1439 810 58
200 198 7 154 16189 1416
197 200 1 235 11232 1424
204 199 4 1436 782 45
202 200 2 133 15403 1430
198 199 1 553 16610 1413
204 200 3 1437 709 37
199 201 3 756 13724 1418
204 202 3 1436 498 54
197 196 4 1436 433 45
199 202 2 1414 10881 1402
200 204 2 1436 541 47
199 199 8 449 11639 1413
201 204 3 1440 789 54
196 204 0 1436 420 27
198 204 2 1438 742 37
204 198 3 1437 799 30
201 200 2 109 13732 1423
201 202 9 800 13305 1401
200 203 5 1159 11335 1405
202 204 3 1440 724 29
201 198 10 430 12492 1401
199 204 0 1436 459 55
199 198 8 324 16330 1405
204 201 2 1438 668 32
196 197 1 1438 449 64
200 199 8 1380 16870 1400
202 201 2 755 13735 1421
202 196 3 1440 574 59
196 200 0 1437 461 37
204 197 2 1437 537 62
198 201 5 1393 11911 1418
203 200 6 650 16484 1427
202 199 8 434 13041 1426
196 203 2 1439 517 57
198 200 8 500 11569 1413
201 201 0 869 10092 1427
200 201 5 714 16983 1405
203 196 2 1438 821 25
201 196 3 1440 580 58
201 199 8 169 13431 1411