60
200 200 2 1358 15482 1401
199 201 3 1367 14332 1402
204 198 2 1440 765 52
200 198 8 213 10435 1403
201 200 3 274 13743 1426
201 201 8 320 16143 1416
196 200 3 1439 732 29
203 204 1 1439 849 53
198 201 7 664 16353 1414
200 197 5 1417 11762 1410
203 200 7 302 11207 1412
202 199 0 1 15066 1411
196 196 2 1438 724 43
202 200 0 679 16625 1421
199 200 5 556 16478 1405
202 202 10 318 14210 1414
196 201 3 1440 571 49
196 202 2 1437 738 34
204 199 3 1440 796 38
199 196 0 1436 905 57
196 198 0 1438 568 35
201 199 5 634 11203 1420
202 198 7 538 17147 1414
199 198 3 769 15396 1407
204 202 2 1439 948 43
204 196 2 1436 985 55
198 198 7 589 13951 1415
200 196 0 1438 930 55
204 204 0 1438 832 37
200 202 9 577 12704 1414
197 196 1 1437 567 59
204 200 3 1438 815 39
200 204 0 1438 687 59
201 202 10 688 10056 1404
199 202 0 207 16538 1400
196 199 4 1440 913 61
201 204 2 1440 908 58
201 198 6 1328 14607 1400
200 199 3 1203 14734 1423
204 203 4 1437 772 36
197 204 2 1438 896 42
198 200 5 722 14132 1421
202 196 2 1437 853 25
203 196 4 1439 532 52
196 203 0 1440 782 64
201 196 3 1438 533 36
202 201 2 1371 12272 1420
198 199 0 795 14327 1412
202 204 3 1436 951 25
198 202 9 859 12053 1412
198 196 3 1440 509 35
196 204 3 1438 725 61
197 200 1 915 13986 1402
198 204 0 1439 691 45
204 197 2 1440 560 42
196 197 4 1437 731 53
199 199 7 49 16135 1416
200 203 8 785 12601 1427
200 201 3 557 15314 1426
204 201 4 1437 560 28