25
300 200 101 150 220 11
302 200 101 150 330 12
303 160 140 600 8435 300
199 200 0 400 2017 238
198 200 200 600 1738 238
303 204 750 950 5466 195
303 203 550 750 5747 197
200 199 0 1440 16542 1438
197 200 400 800 3288 238
303 157 840 1440 3494 200
303 154 1001 1440 100 4
303 201 140 450 4547 200    
196 200 600 1000 4790 238
303 156 1000 1440 2079 150
303 153 1002 1440 200 1
303 155 1000 1440 5395 100
303 200 101 150 397 9
303 206 1140 1350 4754 194
303 158 640 1440 3414 200
301 200 101 150 200 8
194 200 1000 1440 7058 238
195 200 800 1200 2630 238
303 159 450 800 2146 200
303 202 350 550 4856 198
303 205 940 1150 4916 195