200
199 200 2 169 16936 1420
208 193 2 1440 207 11
201 199 1 129 16149 1404
193 197 3 1439 465 119
204 199 6 814 17104 1401
193 192 5 1440 284 14
198 201 9 380 16306 1426
198 197 9 646 16151 1418
204 201 6 79 16071 1415
199 207 4 1433 151 9
203 201 3 1325 16930 1408
195 193 4 1433 168 12
197 201 0 826 16367 1420
193 206 4 1435 251 14
192 202 1 1440 299 10
207 202 2 1438 290 15
202 204 6 385 16919 1418
200 199 10 996 17169 1430
197 197 8 790 16966 1403
197 196 7 1283 16701 1418
200 204 1 947 16694 1424
197 207 7 1438 276 7
202 192 4 1439 283 9
197 192 3 1432 225 6
197 203 10 927 16904 1407
192 208 0 1439 457 121
197 204 1 49 16465 1428
195 192 8 1439 413 271
208 200 3 1440 205 5
204 193 6 1437 221 10
197 208 2 1437 271 12
193 196 2 1435 400 218
207 205 3 1435 393 9
207 200 3 1438 347 15
200 197 10 831 17038 1403
192 207 0 1440 267 11
198 207 5 1433 232 6
192 192 2 1438 216 6
203 200 9 653 16524 1404
198 208 8 1432 227 7
203 208 4 1440 225 9
203 197 10 1298 17107 1416
193 202 2 1433 318 14
199 204 2 918 16522 1401
192 200 8 1432 309 14
201 200 4 1099 16869 1424
192 198 2 1432 229 14
203 204 3 190 17145 1426
206 192 1 1432 258 7
192 195 2 1435 274 5
207 194 1 1433 195 7
200 198 0 740 16304 1417
193 199 7 1436 352 21
196 207 4 1433 223 12
208 197 3 1440 384 22
193 195 0 1433 269 25
204 208 2 1436 222 15
196 197 1 1338 17062 1413
202 203 0 1047 16047 1428
193 207 0 1438 150 5
208 204 1 1438 383 17
207 196 3 1438 190 23
203 196 7 300 16494 1419
193 198 6 1435 257 7
194 207 0 1440 173 8
201 203 10 318 17088 1414
196 193 2 1434 205 16
200 202 1 832 16280 1403
208 196 7 1438 233 15
198 203 6 474 16767 1404
203 193 1 1438 450 99
197 199 5 393 17130 1409
203 207 0 1433 152 11
198 199 5 958 16015 1421
207 197 0 1440 239 11
196 202 7 558 16422 1421
204 202 9 467 16335 1414
206 193 6 1438 342 14
199 192 5 1432 223 13
208 201 4 1440 227 9
192 194 5 1439 231 14
207 199 3 1437 326 20
200 207 1 1440 424 155
203 192 4 1437 322 17
192 199 7 1439 264 8
195 207 5 1433 305 18
203 198 2 975 16339 1420
194 192 0 1433 436 235
207 204 4 1437 372 11
201 208 6 1435 320 20
206 208 2 1433 243 14
200 193 7 1435 164 10
196 208 5 1435 253 7
207 208 8 1436 268 9
202 197 3 8 16097 1412
199 196 1 643 16709 1415
200 203 6 394 16947 1418
202 196 8 1370 16620 1416
208 199 6 1437 381 20
196 192 0 1432 202 13
204 197 4 1060 16842 1419
199 201 0 1242 16214 1409
192 196 2 1432 291 6
208 195 0 1440 242 16
202 208 2 1436 559 24
193 194 0 1434 490 22
199 193 7 1435 398 11
198 204 4 538 16521 1406
208 207 0 1438 286 11
198 198 5 357 16654 1406
193 201 0 1435 172 16
200 195 7 1032 17085 1406
193 204 7 1437 291 9
207 198 2 1439 375 11
201 204 8 439 16724 1402
207 206 2 1437 217 12
201 193 4 1440 294 16
202 202 9 827 17101 1400
208 205 4 1432 265 7
194 193 3 1436 397 11
192 204 0 1432 226 13
197 198 3 46 16549 1400
196 199 7 727 17077 1414
199 199 2 653 17036 1419
205 192 4 1438 254 14
197 202 2 1184 17089 1406
204 198 0 303 16028 1416
196 203 5 871 16167 1427
200 208 8 1432 281 9
208 192 7 1440 292 8
197 200 4 936 16786 1417
207 201 4 1437 275 7
198 202 5 852 16393 1411
192 197 2 1436 248 8
198 196 4 697 17039 1406
203 199 4 778 17104 1427
208 194 6 1440 206 9
197 193 1 1433 344 7
206 207 2 1436 377 24
200 201 3 609 16736 1418
201 202 7 1232 17059 1412
199 203 7 216 16969 1415
207 193 2 1438 501 22
205 208 5 1439 270 21
198 192 0 1432 209 7
208 202 2 1439 203 8
202 193 6 1433 1015 758
198 193 5 1436 187 9
205 193 1 1439 283 12
194 208 2 1434 293 13
193 193 7 1435 260 7
192 201 1 1436 237 10
199 197 10 1101 16838 1415
195 200 10 520 16688 1408
201 197 1 628 16796 1419
203 202 3 56 16927 1406
207 192 8 1438 252 15
200 192 5 1439 255 12
202 207 0 1437 356 14
196 200 6 574 16083 1404
204 192 8 1434 292 9
204 203 0 626 16457 1430
205 200 6 629 16736 1411
193 205 1 1439 342 17
208 206 0 1439 447 275
202 201 3 892 16070 1415
199 208 0 1433 552 22
204 207 3 1437 221 7
192 206 5 1438 270 10
208 203 7 1438 270 8
200 196 10 1342 16938 1422
201 201 0 237 16033 1427
195 208 6 1438 238 13
207 203 2 1433 334 11
205 207 7 1434 377 9
192 205 7 1437 246 6
199 198 6 895 16321 1414
200 205 8 1000 16077 1428
207 207 4 1440 286 7
208 198 7 1438 214 5
193 203 2 1439 214 18
196 201 1 79 16451 1411
198 200 3 756 16969 1412
200 200 3 330 17183 1406
192 193 6 1435 280 9
203 203 7 134 16519 1428
201 196 6 980 16877 1428
202 200 0 232 16969 1417
204 200 6 1173 16969 1426
207 195 1 1438 236 16
201 198 7 1151 16156 1407
202 199 3 409 16736 1422
202 198 1 101 16361 1416
192 203 0 1439 365 14
201 207 6 1435 487 187
193 200 1 1440 320 5
193 208 5 1440 435 283
201 192 6 1434 221 14
199 202 0 233 16972 1426
196 198 2 694 16965 1402