200
214 224 10 1417 1047 5
201 201 0 786 27147 1427
199 199 0 120 27147 1418
207 224 7 1428 1137 8
176 195 24 1418 1097 6
224 222 5 1436 1014 7
224 182 23 1420 1026 7
185 176 11 1438 1024 7
224 194 6 1432 1049 7
224 191 8 1432 913 8
224 178 5 1437 948 6
176 219 12 1429 1133 8
181 176 7 1434 1200 5
176 214 7 1432 1001 5
176 202 12 1421 901 6
193 176 7 1440 1180 7
224 211 12 1418 962 7
176 222 10 1439 1089 6
224 187 22 1423 1058 6
224 216 21 1417 904 8
224 197 10 1431 1023 5
192 224 12 1418 1022 6
201 200 0 452 27000 1428
221 224 5 1421 983 8
220 224 10 1427 1158 7
176 198 7 1419 1029 7
213 176 6 1425 921 6
224 184 19 1421 1040 6
210 176 18 1436 1150 6
212 224 8 1432 1042 7
224 206 12 1437 1177 8
176 209 10 1426 1113 5
188 224 21 1438 1091 8
176 176 14 1428 1029 8
207 176 7 1422 949 5
213 224 16 1418 1005 5
183 224 24 1439 1127 7
176 216 16 1419 955 7
176 179 24 1438 945 8
176 191 24 1430 1154 5
176 211 21 1425 1070 5
224 215 8 1428 968 8
201 176 4 1420 974 8
200 224 6 1433 1124 6
224 179 22 1430 2521 36
224 218 9 1434 959 5
202 224 22 1423 1172 7
208 224 15 1432 27200 1069
223 224 16 1437 906 6
224 188 4 1429 1150 5
222 224 6 1440 1161 5
224 181 20 1431 1130 6
224 192 18 1417 1128 7
214 176 19 1430 4190 48
206 224 7 1437 1078 5
183 176 12 1425 1035 5
176 184 17 1419 929 5
182 176 14 1418 1129 7
176 217 10 1439 969 7
204 224 5 1416 994 5
176 177 21 1434 1006 5
216 224 12 1438 951 6
194 176 10 1433 934 7
220 176 17 1440 1186 5
198 200 0 542 27153 1419
206 176 8 1435 1191 8
176 187 7 1418 928 7
204 176 18 1431 1090 5
176 192 10 1418 1195 8
176 220 22 1423 1170 6
211 224 18 1425 970 8
191 176 15 1438 1194 5
176 213 24 1434 1077 6
224 199 11 1438 27195 1173
224 180 17 1423 1041 8
224 201 15 1424 1017 7
215 176 22 1426 966 8
176 199 9 1435 1194 7
194 224 10 1421 997 8
176 180 21 1430 1090 6
205 224 5 1429 1009 8
199 201 0 120 27199 1422
203 176 4 1425 979 8
200 199 0 75 27121 1424
203 224 5 1434 992 7
224 202 12 1430 1053 8
180 224 5 1434 990 7
208 176 5 1429 1160 5
176 188 14 1439 1171 6
224 210 20 1426 1181 5
218 176 20 1436 1176 8
176 193 6 1435 976 8
218 224 7 1440 27196 1072
176 200 17 1428 1191 8
201 199 0 753 27054 1417
179 176 24 1427 1105 8
217 176 8 1421 1074 5
176 182 13 1434 1071 8
224 219 14 1437 969 7
200 201 0 102 27131 1416
200 198 0 453 27172 1423
176 203 24 1425 1087 6
176 178 8 1424 1063 6
176 181 20 1422 918 5
224 205 17 1422 1200 6
222 176 20 1420 969 8
196 176 12 1427 1026 7
224 207 8 1438 1009 7
176 207 7 1436 1002 8
181 224 6 1434 1143 8
224 224 14 1423 913 8
202 200 0 498 27021 1430
224 189 24 1425 27194 1267
202 176 4 1438 1024 7
224 220 23 1427 1042 8
186 224 19 1438 951 6
212 176 23 1431 1040 6
177 224 12 1418 27196 1172
224 223 16 1423 1101 8
176 208 16 1426 27194 1267
200 200 0 453 27194 1417
176 183 18 1431 941 6
211 176 13 1432 1099 7
176 215 6 1420 990 7
176 197 11 1416 27198 1059
176 201 19 1437 990 6
224 212 8 1424 1021 8
205 176 19 1439 1191 7
224 204 16 1430 925 8
224 183 5 1424 1027 7
200 202 0 12 27190 1421
221 176 20 1435 1027 8
188 176 22 1426 992 8
201 224 19 1431 979 7
198 176 9 1420 1085 6
189 224 7 1421 936 6
200 176 7 1439 1078 5
224 190 7 1417 1033 6
176 186 16 1438 908 5
224 213 17 1428 1127 7
224 203 21 1416 915 7
224 214 11 1439 1005 7
176 205 11 1421 1117 7
176 190 17 1422 1024 5
177 176 11 1432 1064 8
184 176 5 1421 1041 5
223 176 21 1422 940 5
199 224 16 1426 979 5
176 189 12 1416 1125 5
217 224 8 1438 1194 8
178 224 14 1437 997 5
195 176 8 1428 1005 7
209 176 6 1431 27197 1168
176 218 9 1418 983 5
185 224 24 1420 27200 1059
219 176 4 1429 979 8
186 176 11 1417 1062 8
184 224 5 1422 1058 8
198 224 16 1435 27194 1067
179 224 20 1419 1100 6
176 185 5 1421 27199 1169
199 200 0 785 27106 1421
176 223 12 1417 1118 8
224 198 6 1438 1193 6
180 176 13 1420 1040 5
215 224 21 1421 1197 6
193 224 11 1422 957 6
224 177 19 1432 27196 1072
176 224 9 1436 999 6
176 210 16 1416 997 5
190 224 11 1424 1068 7
176 196 8 1440 959 6
176 221 23 1439 1041 7
197 176 15 1420 965 6
224 185 16 1421 920 7
224 208 13 1425 1111 5
191 224 16 1423 1014 5
199 176 22 1433 917 5
219 224 16 1426 902 8
216 176 12 1423 968 8
197 224 15 1427 1194 8
224 196 21 1437 1113 5
195 224 5 1430 933 5
178 176 15 1428 908 5
224 193 7 1416 1188 5
182 224 7 1434 1107 6
187 224 5 1416 950 7
224 186 4 1429 1000 5
176 204 6 1430 1191 7
209 224 15 1433 1104 6
176 194 9 1418 967 7
187 176 21 1432 27200 1071
224 195 7 1416 1071 6
192 176 11 1437 902 6
189 176 12 1424 965 5
224 209 7 1416 1199 7
224 217 6 1436 943 7
196 224 19 1419 1008 5
176 206 15 1426 964 5
224 176 6 1435 999 6