25
0 0 0 1440 592 309
400 400 283 1440 318 36
400 400 319 1440 318 36
400 400 355 1440 318 36
400 400 391 1440 318 36
400 400 427 1440 318 36
400 400 463 1440 318 36
400 400 499 1440 318 36
400 400 535 1440 318 36
400 400 571 1440 318 36
400 400 607 1440 318 36
400 400 643 1440 318 36
400 400 679 1440 318 36
400 400 715 1440 318 36
400 400 751 1440 318 36
400 400 787 1440 318 36
400 400 823 1440 318 36
400 400 859 1440 318 36
400 400 895 1440 318 36
400 400 931 1440 318 36
400 400 967 1440 318 36
400 400 1003 1440 318 36
400 400 1039 1440 318 36
400 400 1075 1440 318 36
400 400 1111 1440 318 36
