25
200 200 0 1440 5700 51
200 200 0 1440 9524 80
200 200 0 1440 4796 93
200 200 0 1440 7929 81
200 200 0 1440 7986 62
200 200 0 1440 4369 110
200 200 0 1440 2516 98
200 200 0 1440 3207 87
200 200 0 1440 8741 64
200 200 0 1440 442 89
200 200 0 1440 939 56
200 200 0 1440 3853 125
200 200 0 1440 1405 87
200 200 0 1440 2302 64
200 200 0 1440 9608 83
200 200 0 1440 2109 93
200 200 0 1440 3179 109
200 200 0 1440 7742 107
200 200 0 1440 4685 146
200 200 0 1440 5616 100
200 200 0 1440 8452 83
200 200 0 1440 5336 91
200 200 0 1440 8769 111
200 200 0 1440 32 134
200 200 0 1440 2883 146
