200
200 200 0 1440 4075 87
200 200 0 1440 4987 100
200 200 0 1440 6298 96
200 200 0 1440 5271 95
200 200 0 1440 7273 104
200 200 0 1440 9877 128
200 200 0 1440 3764 90
200 200 0 1440 5531 124
200 200 0 1440 164 130
200 200 0 1440 5504 123
200 200 0 1440 507 103
200 200 0 1440 416 111
200 200 0 1440 1500 103
200 200 0 1440 9977 88
200 200 0 1440 2023 84
200 200 0 1440 6146 68
200 200 0 1440 6428 93
200 200 0 1440 8317 104
200 200 0 1440 7581 86
200 200 0 1440 7140 106
200 200 0 1440 6627 94
200 200 0 1440 7677 78
200 200 0 1440 4848 158
200 200 0 1440 6740 84
200 200 0 1440 6566 98
200 200 0 1440 6320 107
200 200 0 1440 9672 117
200 200 0 1440 4767 75
200 200 0 1440 2495 128
200 200 0 1440 6494 97
200 200 0 1440 9236 90
200 200 0 1440 977 154
200 200 0 1440 6632 78
200 200 0 1440 2297 95
200 200 0 1440 812 87
200 200 0 1440 1910 99
200 200 0 1440 4043 60
200 200 0 1440 4455 142
200 200 0 1440 959 102
200 200 0 1440 2414 134
200 200 0 1440 523 82
200 200 0 1440 5566 92
200 200 0 1440 3724 84
200 200 0 1440 259 82
200 200 0 1440 7835 72
200 200 0 1440 567 102
200 200 0 1440 2316 110
200 200 0 1440 6483 79
200 200 0 1440 5355 112
200 200 0 1440 6726 95
200 200 0 1440 2893 103
200 200 0 1440 9281 96
200 200 0 1440 9285 116
200 200 0 1440 1938 90
200 200 0 1440 4752 83
200 200 0 1440 9399 77
200 200 0 1440 4444 71
200 200 0 1440 3171 99
200 200 0 1440 4911 100
200 200 0 1440 349 128
200 200 0 1440 6296 90
200 200 0 1440 7193 91
200 200 0 1440 6022 75
200 200 0 1440 319 87
200 200 0 1440 6426 162
200 200 0 1440 7053 120
200 200 0 1440 1962 79
200 200 0 1440 9496 99
200 200 0 1440 3771 108
200 200 0 1440 8289 88
200 200 0 1440 525 74
200 200 0 1440 9044 113
200 200 0 1440 2028 99
200 200 0 1440 6393 102
200 200 0 1440 237 111
200 200 0 1440 2983 122
200 200 0 1440 7124 100
200 200 0 1440 5369 68
200 200 0 1440 1111 104
200 200 0 1440 9002 122
200 200 0 1440 3460 100
200 200 0 1440 4708 128
200 200 0 1440 3796 121
200 200 0 1440 3356 60
200 200 0 1440 799 90
200 200 0 1440 7427 102
200 200 0 1440 1007 81
200 200 0 1440 6930 92
200 200 0 1440 6299 85
200 200 0 1440 7586 109
200 200 0 1440 5858 108
200 200 0 1440 8972 86
200 200 0 1440 1013 101
200 200 0 1440 7341 85
200 200 0 1440 4980 64
200 200 0 1440 8539 112
200 200 0 1440 7500 82
200 200 0 1440 4394 85
200 200 0 1440 4406 113
200 200 0 1440 8529 111
200 200 0 1440 760 160
200 200 0 1440 2458 86
200 200 0 1440 553 103
200 200 0 1440 9349 70
200 200 0 1440 5779 136
200 200 0 1440 8074 113
200 200 0 1440 2128 96
200 200 0 1440 2317 113
200 200 0 1440 9840 70
200 200 0 1440 5086 113
200 200 0 1440 5790 98
200 200 0 1440 1698 88
200 200 0 1440 8423 88
200 200 0 1440 4574 142
200 200 0 1440 5344 86
200 200 0 1440 6350 114
200 200 0 1440 3046 78
200 200 0 1440 7659 62
200 200 0 1440 1494 95
200 200 0 1440 80 84
200 200 0 1440 5660 97
200 200 0 1440 5501 85
200 200 0 1440 2112 110
200 200 0 1440 7734 78
200 200 0 1440 2159 118
200 200 0 1440 9902 75
200 200 0 1440 3647 108
200 200 0 1440 4933 76
200 200 0 1440 9107 81
200 200 0 1440 8980 96
200 200 0 1440 4969 114
200 200 0 1440 1140 97
200 200 0 1440 9761 86
200 200 0 1440 8770 65
200 200 0 1440 6843 114
200 200 0 1440 8513 125
200 200 0 1440 2272 69
200 200 0 1440 4689 86
200 200 0 1440 9216 127
200 200 0 1440 6451 102
200 200 0 1440 7347 97
200 200 0 1440 2337 70
200 200 0 1440 2469 79
200 200 0 1440 5069 70
200 200 0 1440 596 96
200 200 0 1440 3613 113
200 200 0 1440 5800 100
200 200 0 1440 1608 141
200 200 0 1440 9385 103
200 200 0 1440 1239 102
200 200 0 1440 9555 66
200 200 0 1440 5826 71
200 200 0 1440 1599 139
200 200 0 1440 2581 77
200 200 0 1440 9010 90
200 200 0 1440 8389 71
200 200 0 1440 4686 103
200 200 0 1440 1370 119
200 200 0 1440 2192 77
200 200 0 1440 6289 147
200 200 0 1440 9856 92
200 200 0 1440 8811 95
200 200 0 1440 1766 123
200 200 0 1440 8716 125
200 200 0 1440 5532 66
200 200 0 1440 3267 190
200 200 0 1440 9324 132
200 200 0 1440 2570 109
200 200 0 1440 8214 129
200 200 0 1440 9592 72
200 200 0 1440 989 85
200 200 0 1440 9304 91
200 200 0 1440 9610 99
200 200 0 1440 5694 92
200 200 0 1440 8788 116
200 200 0 1440 2890 128
200 200 0 1440 5466 95
200 200 0 1440 5592 86
200 200 0 1440 1957 111
200 200 0 1440 9053 81
200 200 0 1440 1371 106
200 200 0 1440 8445 107
200 200 0 1440 8952 69
200 200 0 1440 126 133
200 200 0 1440 4109 116
200 200 0 1440 3214 115
200 200 0 1440 7313 158
200 200 0 1440 8756 126
200 200 0 1440 6584 79
200 200 0 1440 8413 114
200 200 0 1440 404 143
200 200 0 1440 7727 112
200 200 0 1440 9755 115
200 200 0 1440 4530 73
200 200 0 1440 6034 100
200 200 0 1440 9563 145
200 200 0 1440 5660 102
200 200 0 1440 8750 99
200 200 0 1440 389 137
200 200 0 1440 6084 128
