200
269 3 814 825 7574 6
279 196 69 71 9056 11
316 2 884 889 7143 6
396 316 43 44 3645 6
135 272 864 867 3848 2
18 62 136 138 3614 7
355 278 334 337 7170 2
211 187 815 823 840 9
330 262 828 836 7394 7
304 373 881 886 1486 3
342 308 809 813 96 4
226 244 324 331 6101 8
298 333 343 358 2579 15
258 79 838 843 5539 7
55 212 876 889 5137 5
107 139 265 266 8320 6
319 178 877 885 2401 6
63 260 96 107 7426 3
10 39 376 379 661 18
350 141 842 851 6206 20
33 38 537 544 7112 4
3 293 246 253 9206 6
314 292 891 897 1679 2
227 30 599 612 7438 7
267 159 756 762 7964 5
18 144 746 749 1436 9
80 103 19 21 9438 5
43 116 946 953 7908 5
374 221 397 400 3539 7
374 164 421 427 3148 13
134 280 956 960 2194 0
379 50 878 886 4745 2
90 95 589 596 4694 5
258 37 375 376 3394 7
327 139 934 937 8536 5
61 230 410 412 9831 8
126 299 980 982 191 7
245 94 108 114 812 6
290 32 249 257 7322 13
312 197 112 117 5569 3
86 173 770 777 6233 11
14 355 315 331 5762 9
352 367 714 720 5424 4
341 334 726 736 6252 7
100 11 511 524 5932 6
275 271 792 793 1462 3
397 74 869 874 159 5
214 312 79 92 2780 3
21 257 432 441 9925 2
288 159 37 42 7263 3
234 379 262 276 2173 4
13 78 290 299 3163 8
191 169 990 999 4093 7
349 343 174 178 1405 7
8 40 969 970 8017 7
384 260 411 417 9507 17
303 324 325 333 2797 8
355 94 149 153 135 6
328 308 244 251 6625 5
306 34 279 289 2139 3
210 156 697 699 482 3
74 202 330 333 2335 3
250 189 318 327 9315 8
196 67 300 303 1247 9
223 31 487 496 7153 3
331 346 614 620 7019 3
389 213 525 528 8419 6
89 374 656 670 8255 11
319 392 632 637 5981 7
179 133 871 879 5097 4
154 54 813 813 7941 2
1 171 799 819 3611 1
39 90 505 508 8967 1
105 344 293 306 9219 8
351 277 556 563 6134 6
185 102 107 111 2354 18
135 78 326 344 2382 9
100 143 625 631 5918 8
292 305 234 244 9368 5
107 37 564 568 5289 1
124 259 812 820 6648 13
16 393 174 178 8892 7
360 336 561 570 9970 8
187 12 656 659 2062 8
163 114 710 714 7425 6
220 278 545 550 7800 2
35 216 462 462 4400 8
155 98 440 447 3979 5
335 329 374 380 544 4
113 305 660 662 8764 0
51 130 60 74 6454 4
261 52 467 470 6213 5
88 350 666 670 3747 18
337 217 782 785 2163 7
221 124 870 884 1375 3
111 187 267 279 5526 2
374 92 481 484 6479 3
178 153 863 865 4744 7
344 23 129 135 1695 3
281 63 7 9 3553 4
341 3 209 213 5192 5
395 209 548 555 3168 6
339 315 632 637 8800 10
238 84 310 315 1922 5
364 352 461 464 6973 8
352 109 586 596 8007 12
298 29 147 153 1334 6
25 325 168 174 1202 9
372 141 889 897 8970 9
99 143 540 542 6418 2
285 306 492 501 7120 8
135 112 785 792 5248 5
160 117 21 35 8453 9
130 164 407 414 9244 12
238 330 942 945 926 4
200 118 62 64 9451 3
128 185 166 177 1322 5
85 324 952 965 6310 1
296 169 131 132 8330 2
275 346 96 102 303 8
384 106 157 173 2231 13
389 189 482 486 1983 2
129 336 125 143 7875 8
313 67 399 401 1648 13
105 243 441 454 4228 3
59 161 219 223 961 6
384 293 803 808 9333 12
134 140 330 340 9053 7
63 392 627 635 2541 16
213 371 497 511 1950 2
73 104 48 54 2055 3
132 294 535 542 2552 3
44 27 358 366 9267 7
366 31 294 301 7644 14
259 43 888 898 4073 13
159 389 25 29 34 13
131 361 285 289 3097 14
155 23 284 294 807 5
56 343 982 985 3944 10
163 16 824 837 866 10
327 242 535 537 9688 3
172 285 706 717 3118 12
325 216 853 856 4071 1
256 141 408 420 8439 3
324 328 699 701 4437 4
142 83 42 49 1403 6
39 44 701 705 7987 3
67 336 753 769 9253 2
244 135 150 154 4383 11
220 191 717 722 4027 8
241 285 900 903 2985 5
28 257 884 889 1694 4
138 263 12 22 9725 6
276 123 119 124 4732 3
65 76 98 105 9070 2
276 320 798 811 4958 10
220 54 31 38 8370 3
181 343 30 33 6351 4
246 257 3 5 2477 0
147 29 437 444 4162 2
12 269 123 143 3045 2
388 44 225 228 8335 1
177 141 869 875 7136 3
142 62 473 479 5814 5
201 55 737 738 4234 1
172 290 988 992 1173 5
142 373 888 892 9436 14
149 77 563 580 250 1
234 316 865 872 9268 8
156 209 857 858 8067 13
68 304 275 283 167 10
176 319 511 527 3617 3
325 323 806 813 8899 4
352 395 197 200 40 2
326 14 244 247 359 18
145 84 657 661 2223 12
257 272 564 573 805 8
396 31 110 118 4693 3
297 260 504 505 7444 6
66 231 813 818 6040 5
134 244 917 932 5929 8
124 211 402 408 9041 6
287 197 74 79 925 5
313 150 50 55 6206 9
250 83 930 940 4264 4
393 62 434 436 2914 8
356 159 820 824 7732 9
260 82 621 627 7983 5
309 274 172 176 5051 2
339 22 526 535 4833 0
150 141 333 335 8442 15
49 72 511 515 8882 2
94 318 993 996 7917 10
285 96 455 459 5070 5
358 334 488 497 3682 4
297 167 914 923 2598 5
84 314 324 334 2854 4
113 20 979 985 9009 11
9 46 71 85 7008 4
158 237 42 47 6248 4
