25
12 214 462 499 865 78
181 24 138 221 2182 34
277 237 912 981 3530 54
386 124 68 137 1782 49
359 223 397 456 8628 46
353 207 809 875 4301 58
164 15 265 306 6920 51
99 50 712 793 395 40
397 42 104 154 7807 63
258 161 89 155 6754 78
231 268 302 373 8553 48
93 272 879 921 8768 31
156 266 32 110 6492 57
322 255 237 266 192 19
341 151 275 324 8053 48
90 272 328 387 456 29
148 29 476 533 4156 44
347 230 632 727 8438 39
175 95 8 52 7282 82
180 355 267 294 9981 66
158 310 604 679 9067 64
360 240 763 845 8290 57
355 239 117 186 7703 42
354 165 230 265 2856 35
332 87 299 345 7390 61
