200
0 0 0 1440 592 309
400 400 283 1440 286 4
400 400 287 1440 286 4
400 400 291 1440 286 4
400 400 295 1440 286 4
400 400 299 1440 286 4
400 400 303 1440 286 4
400 400 307 1440 286 4
400 400 311 1440 286 4
400 400 315 1440 286 4
400 400 319 1440 286 4
400 400 323 1440 286 4
400 400 327 1440 286 4
400 400 331 1440 286 4
400 400 335 1440 286 4
400 400 339 1440 286 4
400 400 343 1440 286 4
400 400 347 1440 286 4
400 400 351 1440 286 4
400 400 355 1440 286 4
400 400 359 1440 286 4
400 400 363 1440 286 4
400 400 367 1440 286 4
400 400 371 1440 286 4
400 400 375 1440 286 4
400 400 379 1440 286 4
400 400 383 1440 286 4
400 400 387 1440 286 4
400 400 391 1440 286 4
400 400 395 1440 286 4
400 400 399 1440 286 4
400 400 403 1440 286 4
400 400 407 1440 286 4
400 400 411 1440 286 4
400 400 415 1440 286 4
400 400 419 1440 286 4
400 400 423 1440 286 4
400 400 427 1440 286 4
400 400 431 1440 286 4
400 400 435 1440 286 4
400 400 439 1440 286 4
400 400 443 1440 286 4
400 400 447 1440 286 4
400 400 451 1440 286 4
400 400 455 1440 286 4
400 400 459 1440 286 4
400 400 463 1440 286 4
400 400 467 1440 286 4
400 400 471 1440 286 4
400 400 475 1440 286 4
400 400 479 1440 286 4
400 400 483 1440 286 4
400 400 487 1440 286 4
400 400 491 1440 286 4
400 400 495 1440 286 4
400 400 499 1440 286 4
400 400 503 1440 286 4
400 400 507 1440 286 4
400 400 511 1440 286 4
400 400 515 1440 286 4
400 400 519 1440 286 4
400 400 523 1440 286 4
400 400 527 1440 286 4
400 400 531 1440 286 4
400 400 535 1440 286 4
400 400 539 1440 286 4
400 400 543 1440 286 4
400 400 547 1440 286 4
400 400 551 1440 286 4
400 400 555 1440 286 4
400 400 559 1440 286 4
400 400 563 1440 286 4
400 400 567 1440 286 4
400 400 571 1440 286 4
400 400 575 1440 286 4
400 400 579 1440 286 4
400 400 583 1440 286 4
400 400 587 1440 286 4
400 400 591 1440 286 4
400 400 595 1440 286 4
400 400 599 1440 286 4
400 400 603 1440 286 4
400 400 607 1440 286 4
400 400 611 1440 286 4
400 400 615 1440 286 4
400 400 619 1440 286 4
400 400 623 1440 286 4
400 400 627 1440 286 4
400 400 631 1440 286 4
400 400 635 1440 286 4
400 400 639 1440 286 4
400 400 643 1440 286 4
400 400 647 1440 286 4
400 400 651 1440 286 4
400 400 655 1440 286 4
400 400 659 1440 286 4
400 400 663 1440 286 4
400 400 667 1440 286 4
400 400 671 1440 286 4
400 400 675 1440 286 4
400 400 679 1440 286 4
400 400 683 1440 286 4
400 400 687 1440 286 4
400 400 691 1440 286 4
400 400 695 1440 286 4
400 400 699 1440 286 4
400 400 703 1440 286 4
400 400 707 1440 286 4
400 400 711 1440 286 4
400 400 715 1440 286 4
400 400 719 1440 286 4
400 400 723 1440 286 4
400 400 727 1440 286 4
400 400 731 1440 286 4
400 400 735 1440 286 4
400 400 739 1440 286 4
400 400 743 1440 286 4
400 400 747 1440 286 4
400 400 751 1440 286 4
400 400 755 1440 286 4
400 400 759 1440 286 4
400 400 763 1440 286 4
400 400 767 1440 286 4
400 400 771 1440 286 4
400 400 775 1440 286 4
400 400 779 1440 286 4
400 400 783 1440 286 4
400 400 787 1440 286 4
400 400 791 1440 286 4
400 400 795 1440 286 4
400 400 799 1440 286 4
400 400 803 1440 286 4
400 400 807 1440 286 4
400 400 811 1440 286 4
400 400 815 1440 286 4
400 400 819 1440 286 4
400 400 823 1440 286 4
400 400 827 1440 286 4
400 400 831 1440 286 4
400 400 835 1440 286 4
400 400 839 1440 286 4
400 400 843 1440 286 4
400 400 847 1440 286 4
400 400 851 1440 286 4
400 400 855 1440 286 4
400 400 859 1440 286 4
400 400 863 1440 286 4
400 400 867 1440 286 4
400 400 871 1440 286 4
400 400 875 1440 286 4
400 400 879 1440 286 4
400 400 883 1440 286 4
400 400 887 1440 286 4
400 400 891 1440 286 4
400 400 895 1440 286 4
400 400 899 1440 286 4
400 400 903 1440 286 4
400 400 907 1440 286 4
400 400 911 1440 286 4
400 400 915 1440 286 4
400 400 919 1440 286 4
400 400 923 1440 286 4
400 400 927 1440 286 4
400 400 931 1440 286 4
400 400 935 1440 286 4
400 400 939 1440 286 4
400 400 943 1440 286 4
400 400 947 1440 286 4
400 400 951 1440 286 4
400 400 955 1440 286 4
400 400 959 1440 286 4
400 400 963 1440 286 4
400 400 967 1440 286 4
400 400 971 1440 286 4
400 400 975 1440 286 4
400 400 979 1440 286 4
400 400 983 1440 286 4
400 400 987 1440 286 4
400 400 991 1440 286 4
400 400 995 1440 286 4
400 400 999 1440 286 4
400 400 1003 1440 286 4
400 400 1007 1440 286 4
400 400 1011 1440 286 4
400 400 1015 1440 286 4
400 400 1019 1440 286 4
400 400 1023 1440 286 4
400 400 1027 1440 286 4
400 400 1031 1440 286 4
400 400 1035 1440 286 4
400 400 1039 1440 286 4
400 400 1043 1440 286 4
400 400 1047 1440 286 4
400 400 1051 1440 286 4
400 400 1055 1440 286 4
400 400 1059 1440 286 4
400 400 1063 1440 286 4
400 400 1067 1440 286 4
400 400 1071 1440 286 4
400 400 1075 1440 286 4
