60
0 0 0 1440 592 309
400 400 283 1440 296 14
400 400 297 1440 296 14
400 400 311 1440 296 14
400 400 325 1440 296 14
400 400 339 1440 296 14
400 400 353 1440 296 14
400 400 367 1440 296 14
400 400 381 1440 296 14
400 400 395 1440 296 14
400 400 409 1440 296 14
400 400 423 1440 296 14
400 400 437 1440 296 14
400 400 451 1440 296 14
400 400 465 1440 296 14
400 400 479 1440 296 14
400 400 493 1440 296 14
400 400 507 1440 296 14
400 400 521 1440 296 14
400 400 535 1440 296 14
400 400 549 1440 296 14
400 400 563 1440 296 14
400 400 577 1440 296 14
400 400 591 1440 296 14
400 400 605 1440 296 14
400 400 619 1440 296 14
400 400 633 1440 296 14
400 400 647 1440 296 14
400 400 661 1440 296 14
400 400 675 1440 296 14
400 400 689 1440 296 14
400 400 703 1440 296 14
400 400 717 1440 296 14
400 400 731 1440 296 14
400 400 745 1440 296 14
400 400 759 1440 296 14
400 400 773 1440 296 14
400 400 787 1440 296 14
400 400 801 1440 296 14
400 400 815 1440 296 14
400 400 829 1440 296 14
400 400 843 1440 296 14
400 400 857 1440 296 14
400 400 871 1440 296 14
400 400 885 1440 296 14
400 400 899 1440 296 14
400 400 913 1440 296 14
400 400 927 1440 296 14
400 400 941 1440 296 14
400 400 955 1440 296 14
400 400 969 1440 296 14
400 400 983 1440 296 14
400 400 997 1440 296 14
400 400 1011 1440 296 14
400 400 1025 1440 296 14
400 400 1039 1440 296 14
400 400 1053 1440 296 14
400 400 1067 1440 296 14
400 400 1081 1440 296 14
400 400 1095 1440 296 14
