60
327 384 534 559 6541 22
7 98 538 573 6751 23
313 60 879 893 5571 8
125 247 373 402 4867 22
303 199 289 303 1139 9
387 199 229 274 4841 30
128 132 152 174 1059 29
8 129 993 1010 1285 16
361 250 390 401 8408 16
398 228 633 644 7998 24
226 276 578 619 906 18
127 32 70 108 5077 18
315 150 305 330 5705 29
393 70 813 834 1658 9
227 291 588 625 8479 19
224 33 404 429 6057 14
82 18 450 468 3569 16
151 33 661 672 4766 41
233 345 478 512 2351 19
362 113 239 277 3101 23
7 328 668 689 9281 22
370 20 756 772 3642 39
331 360 639 652 8300 34
34 47 65 80 9445 44
303 370 857 872 8290 30
330 350 604 626 9056 36
302 173 195 228 1336 38
73 300 935 953 6385 36
374 133 701 758 9801 29
300 52 349 362 6613 19
35 289 420 431 2413 24
81 22 110 122 8229 20
101 316 32 65 862 12
324 274 320 335 694 17
307 99 491 513 6013 14
150 266 273 298 3460 26
67 161 607 620 533 17
289 357 877 899 8811 17
183 41 384 433 3276 28
306 23 2 17 5137 30
316 370 477 487 6028 8
72 242 590 641 567 32
43 263 57 76 2545 19
174 320 797 813 5241 36
9 129 200 224 7446 16
138 238 554 565 8822 41
176 67 52 94 2479 10
8 2 184 229 9583 13
217 284 657 660 4299 28
310 87 893 930 8806 22
352 88 110 157 6068 23
259 94 641 655 1955 15
207 241 0 30 283 39
22 215 733 751 3719 10
303 218 64 80 9437 42
225 228 768 786 6709 6
370 300 50 95 1981 12
72 242 185 213 429 15
374 36 524 533 8387 35
29 334 268 285 7616 12
