60
200 200 0 1440 8106 99
200 200 0 1440 5087 90
200 200 0 1440 7618 110
200 200 0 1440 4112 64
200 200 0 1440 6320 86
200 200 0 1440 362 66
200 200 0 1440 501 117
200 200 0 1440 124 88
200 200 0 1440 6785 126
200 200 0 1440 543 126
200 200 0 1440 5670 110
200 200 0 1440 7647 106
200 200 0 1440 1912 98
200 200 0 1440 1742 101
200 200 0 1440 436 142
200 200 0 1440 3410 82
200 200 0 1440 1475 119
200 200 0 1440 102 91
200 200 0 1440 4827 136
200 200 0 1440 2265 117
200 200 0 1440 9570 94
200 200 0 1440 4675 108
200 200 0 1440 5623 142
200 200 0 1440 4706 80
200 200 0 1440 1156 117
200 200 0 1440 9015 80
200 200 0 1440 2246 104
200 200 0 1440 9642 96
200 200 0 1440 5670 72
200 200 0 1440 5511 87
200 200 0 1440 2739 110
200 200 0 1440 4307 120
200 200 0 1440 6028 76
200 200 0 1440 8137 55
200 200 0 1440 1950 98
200 200 0 1440 1590 111
200 200 0 1440 2012 89
200 200 0 1440 4915 133
200 200 0 1440 5395 90
200 200 0 1440 1800 50
200 200 0 1440 6834 101
200 200 0 1440 6129 91
200 200 0 1440 530 87
200 200 0 1440 2365 75
200 200 0 1440 6278 140
200 200 0 1440 5502 86
200 200 0 1440 459 98
200 200 0 1440 7816 74
200 200 0 1440 2524 81
200 200 0 1440 6766 68
200 200 0 1440 2049 62
200 200 0 1440 3185 130
200 200 0 1440 7348 147
200 200 0 1440 6663 104
200 200 0 1440 5298 93
200 200 0 1440 5872 110
200 200 0 1440 6397 136
200 200 0 1440 2163 82
200 200 0 1440 6479 104
200 200 0 1440 2254 98
