200
374 266 1263 1301 18674 33
78 144 546 1413 7498 573
226 20 631 1026 3875 510
131 46 1247 1249 5604 445
193 71 595 1320 1298 118
326 42 312 427 21675 531
192 212 929 1353 1783 242
96 370 282 1125 20245 379
224 146 689 1403 8107 165
45 136 485 1417 4586 134
329 293 438 1256 15983 295
118 8 184 380 3645 204
196 106 758 1144 2545 597
304 203 322 944 17480 237
366 234 401 1407 24253 152
259 246 339 409 24183 315
220 255 1158 1389 25171 475
318 170 417 1167 17614 415
222 278 786 883 17470 21
66 264 139 1299 22418 452
246 188 1419 1437 5324 71
244 162 764 1076 16414 348
368 313 690 1164 1471 556
138 118 70 1369 23189 404
204 27 169 1224 5375 282
160 380 553 563 9277 235
111 62 67 878 7955 252
319 123 334 982 12936 342
73 340 1172 1236 23499 337
269 180 694 723 20978 307
194 160 292 957 17560 597
228 226 930 1304 17391 337
286 289 1426 1438 589 383
62 214 638 695 20368 57
0 330 751 873 26970 288
354 55 84 1140 20027 537
287 16 973 1018 18214 531
289 317 1225 1430 11829 342
64 242 611 712 16045 225
159 116 661 762 25712 124
251 235 1115 1406 16205 49
170 224 790 1393 25759 46
153 272 226 1406 13114 387
369 97 1177 1205 24042 95
180 77 709 764 8855 404
48 243 305 837 11537 410
330 240 363 478 3298 437
395 374 742 1010 25390 494
288 5 881 1355 6647 158
147 396 1391 1425 9876 540
241 173 230 1043 23510 257
225 4 319 1433 850 586
214 33 943 1272 19078 160
338 125 285 999 20192 13
69 176 219 1150 3349 258
112 284 830 992 17568 519
144 355 104 393 6780 119
303 333 120 238 13554 37
67 239 28 946 26478 222
363 215 614 1319 709 97
218 369 1361 1396 2897 439
373 371 756 1149 3024 538
321 321 1154 1173 3379 65
71 0 1224 1232 4464 132
19 271 93 640 25800 164
5 35 1353 1413 8615 91
292 127 2 1157 4840 567
313 248 1017 1144 7915 227
388 245 1024 1386 17780 560
365 48 912 1265 11655 439
283 182 834 1176 16879 73
207 256 612 908 5176 290
291 90 1288 1314 8020 274
173 205 469 949 6388 284
99 65 396 1175 10262 99
346 167 21 236 4038 275
231 74 44 139 14075 333
93 34 1309 1410 9049 153
300 68 54 653 17251 574
90 392 1307 1317 11778 381
213 54 959 1355 5069 152
39 59 99 1042 13132 69
243 262 354 1307 7911 65
323 258 1070 1077 24618 547
37 297 264 839 6259 46
191 354 824 988 26360 274
262 142 732 1353 7354 338
82 1 1162 1347 13301 586
14 305 76 580 7377 402
209 38 1085 1206 8215 76
53 267 558 676 7824 89
155 299 1184 1348 26029 74
176 250 229 1305 16955 577
46 361 208 523 5064 150
185 88 836 971 24835 308
279 73 425 860 19832 299
307 196 158 811 2947 265
4 332 1083 1222 8354 210
240 344 1372 1395 8099 289
7 286 1210 1380 14602 376
237 64 460 900 23535 553
134 356 1058 1172 8828 328
139 200 8 476 14765 118
332 12 1257 1264 20705 432
248 252 663 1287 16795 187
233 290 291 822 26322 536
189 353 442 1113 16776 237
376 187 857 1201 20327 98
179 244 113 1249 15497 421
97 202 243 1390 23367 528
350 320 681 862 11272 174
324 360 918 1147 12472 528
101 40 66 602 14440 500
130 219 475 835 9254 581
60 390 627 1267 20320 272
6 379 195 357 14993 271
92 211 252 257 14046 394
169 84 391 1172 25278 250
360 349 831 1225 12806 389
199 223 376 1277 524 155
348 23 1308 1413 22789 521
355 331 946 1282 3464 299
357 309 816 863 7045 520
296 342 515 1105 13042 261
36 177 30 783 918 62
278 174 629 959 27076 11
325 288 1269 1302 25799 357
371 154 484 1015 9379 560
272 307 626 1316 3660 274
343 69 192 1302 22728 364
345 179 1268 1366 26717 219
197 109 96 518 971 150
305 95 737 981 24335 290
212 58 530 1143 12921 530
40 283 837 1293 4413 189
254 145 911 1404 21956 547
136 98 440 1335 26271 496
385 25 915 1407 12304 48
384 329 787 1254 17361 469
3 93 156 1160 18091 138
302 218 448 988 5457 146
137 15 9 453 13973 288
253 389 605 1000 24182 238
347 114 966 974 22291 228
381 78 1001 1211 4188 159
98 386 413 651 17559 455
391 147 704 1439 2221 281
86 19 1265 1333 2864 64
290 201 240 1436 12261 76
34 306 279 1420 1257 241
211 3 937 1261 2716 218
271 91 1399 1428 26007 72
386 279 1118 1291 19986 266
94 158 1044 1325 3947 409
70 9 351 382 19245 382
148 316 1270 1438 9524 501
133 72 650 677 22363 128
100 336 725 1125 6665 425
15 26 115 640 19268 163
30 128 708 1338 3381 512
10 343 337 735 17595 592
349 143 1369 1431 1912 452
174 81 270 764 20956 249
230 263 960 1083 7817 583
380 120 281 745 19904 77
238 357 828 1147 11472 333
256 137 1040 1198 12039 348
334 388 839 1381 10059 398
128 14 1176 1178 20714 320
142 102 1109 1258 4079 591
275 194 1397 1425 8507 444
268 181 1351 1397 9851 394
1 269 466 990 26528 170
356 391 713 1353 15978 59
57 249 542 630 19159 89
149 337 239 459 17202 311
308 178 3 392 15585 402
198 387 1363 1386 18986 418
108 94 990 1093 5816 359
195 113 1003 1410 18188 574
235 47 1301 1422 18685 309
145 275 594 1116 2094 195
383 168 1041 1093 630 223
299 140 1068 1247 403 484
162 310 162 239 23329 148
328 265 1387 1428 23419 448
152 308 307 1143 10604 493
312 348 256 513 4252 242
74 291 1306 1352 18274 566
362 366 1325 1412 6662 386
24 13 1438 1440 18065 430
390 365 1110 1248 5822 575
205 165 948 1190 7371 114
255 229 876 1364 9474 516
161 117 165 692 12897 170
322 108 1389 1421 15580 566
75 325 630 1014 9595 272
77 292 276 1185 962 83
54 381 1092 1135 24971 549
221 384 1340 1435 14593 440
