192
275 237 1284 1389 4407 1277
63 301 1031 1325 18353 410
171 343 90 1390 7106 1082
106 378 154 744 13675 791
115 145 1201 1260 18626 342
107 256 534 991 16381 1387
324 170 545 1328 7333 145
222 192 203 1216 7742 1225
308 336 624 1070 4378 679
110 68 115 428 13433 1192
108 175 94 685 19806 870
242 306 66 491 25659 332
204 387 1026 1069 2177 176
194 336 1309 1373 2237 710
253 57 774 1284 9135 90
254 384 588 660 22315 225
222 157 939 1438 9242 213
134 219 780 1220 22442 999
395 58 1285 1405 6370 746
238 189 1070 1125 9811 1302
32 96 875 907 20922 284
387 380 54 1043 12633 886
4 136 713 1087 21052 511
131 293 1371 1389 25848 562
283 148 1004 1155 15136 269
290 85 1124 1332 14384 1158
286 69 921 959 1434 332
47 8 1105 1362 10020 742
224 269 972 1142 10484 758
323 360 645 1114 6876 426
84 175 728 1287 20837 1264
46 390 406 685 26472 984
63 174 1138 1366 19242 568
107 13 1046 1143 2214 1053
350 313 1135 1175 24333 729
378 173 938 1421 17639 1223
248 98 731 1402 23733 913
232 46 399 1120 16552 767
27 58 55 1401 1782 162
57 243 252 1419 13856 1081
81 49 126 889 4829 805
12 198 331 533 3401 588
221 302 745 885 21735 1023
122 183 378 436 26907 1031
74 172 370 1235 15746 799
385 382 1014 1310 9700 1033
268 397 833 930 11968 1424
397 195 170 556 20663 1226
385 257 669 1326 17320 581
142 97 594 990 22476 1026
299 228 1364 1438 1310 891
161 185 388 1305 17736 1160
345 76 526 1413 25923 564
204 229 810 1232 16159 714
264 211 771 890 19941 1070
337 18 495 1061 4754 1089
70 320 1282 1390 21680 420
123 333 762 1067 2012 482
255 306 989 1200 19033 671
301 14 602 804 5658 1024
59 182 617 838 10190 831
238 272 381 1359 14404 1415
177 265 411 1025 19280 537
29 223 1267 1273 12067 775
274 183 493 749 5101 244
61 184 838 1227 22841 1387
339 233 578 865 6027 497
5 59 133 839 13076 1375
82 255 1325 1410 10229 1324
397 339 14 741 6765 891
373 205 88 767 5123 1105
34 16 655 1263 12509 1042
60 355 507 647 7487 45
193 153 1369 1433 10334 807
118 146 370 1423 15358 562
275 277 159 1330 21135 1286
364 172 1165 1370 10222 700
63 140 672 800 6986 147
297 301 334 1317 22702 1130
262 223 63 962 13580 641
145 369 956 1365 1629 184
325 166 573 1424 8475 564
242 194 1309 1331 15537 1038
242 264 484 1227 9527 465
201 138 101 1434 3277 506
321 102 917 1434 14183 186
192 131 164 502 19982 133
180 298 791 1072 9623 1336
297 219 730 941 6648 1418
201 67 870 1397 7399 1423
137 48 1297 1371 4488 1265
66 311 988 1251 9455 916
132 186 925 1174 7557 543
255 239 478 1151 24348 718
156 196 780 1437 1351 1086
138 163 146 288 19029 711
31 333 422 925 2181 751
141 39 968 1245 1996 48
56 30 647 916 12662 998
162 188 1382 1407 19671 846
193 392 213 419 23436 367
370 244 949 1416 2850 277
322 348 339 369 22879 812
382 144 1433 1440 22419 620
316 246 1294 1365 5007 73
382 381 1170 1263 6164 972
136 171 1185 1332 5900 391
53 312 1309 1406 24954 25
341 346 722 900 25257 1355
95 314 869 991 20715 541
266 94 1259 1354 2470 1087
32 153 1214 1387 17324 1073
162 32 429 669 16259 1132
81 31 175 446 2173 1202
4 45 166 1078 19596 1362
154 182 941 1224 1413 983
207 231 780 1011 10596 709
237 191 1228 1249 25522 897
253 292 723 1089 18229 934
330 170 143 257 14220 704
208 24 654 728 5532 601
202 19 984 1318 23198 1381
34 180 142 1364 14350 1222
247 57 1369 1438 22406 594
289 398 622 678 6908 962
112 77 872 1087 14039 1099
366 100 1199 1400 3355 1124
21 196 1073 1138 12946 308
168 273 300 723 16590 695
213 323 1326 1435 6796 491
95 214 752 1176 23258 234
63 308 1428 1437 25483 779
41 305 1128 1337 26887 418
92 395 842 1076 13381 1173
48 355 800 1191 6087 189
242 394 1167 1172 13506 849
280 71 1399 1435 12567 1123
40 21 261 1158 10091 515
19 181 329 590 20146 557
163 89 276 1178 2638 1219
119 52 1066 1371 17599 1120
51 58 986 1093 11429 906
357 209 751 1395 18567 1092
159 323 1232 1333 22081 640
293 343 1156 1212 20822 357
247 122 20 47 23557 479
373 82 676 1421 25029 926
134 285 685 1336 24538 748
72 285 357 1183 12638 376
47 262 728 1165 1033 925
162 222 1134 1186 12949 425
372 181 1087 1274 7723 1284
25 264 140 611 18150 1233
312 372 680 717 9636 1006
210 399 420 895 8675 1287
366 246 1392 1407 5501 372
391 183 1248 1342 5773 1114
197 391 1229 1440 23752 195
238 300 1158 1315 25947 373
244 53 1337 1406 8151 126
129 243 19 967 7886 1373
298 158 669 1240 21585 664
370 280 1037 1291 13773 1070
294 177 309 560 6588 1270
85 150 553 809 9746 1313
128 14 508 687 4638 290
110 295 60 114 20409 785
72 318 9 283 17741 1115
288 184 955 1378 19218 1215
62 245 498 1152 980 1028
133 101 506 636 15976 1209
348 326 626 673 27153 628
78 18 1284 1301 16749 631
37 368 688 1217 1932 205
319 227 1139 1160 16178 52
335 37 397 1363 3447 747
150 262 250 390 6651 669
118 301 127 268 19888 1413
275 160 1246 1423 8747 501
119 235 1042 1110 18307 1292
214 104 685 1131 21134 1420
305 182 230 404 9471 327
53 74 1179 1440 5432 983
220 249 61 162 5944 535
50 119 965 1219 24920 1208
54 378 34 814 3450 375
398 328 430 1249 20055 97
47 56 1305 1390 15164 270
386 380 137 564 12222 1022
68 258 874 1373 2603 784
252 315 851 1312 5786 568
223 133 919 1249 21547 618
