174
388 215 82 612 16753 498
207 155 976 1159 19116 224
258 71 577 720 24766 98
316 128 1090 1398 4815 318
50 373 151 827 15471 574
51 181 889 1212 20017 210
282 244 906 1439 8535 64
280 7 191 1007 23273 2
313 252 682 931 23929 334
360 32 391 845 7818 146
278 229 186 350 10487 521
250 55 617 1181 9538 128
280 170 1106 1210 26195 561
300 147 911 1004 19539 395
162 294 495 792 6025 194
95 16 1254 1422 8521 488
35 45 1390 1438 4267 154
19 41 1432 1440 22396 401
361 268 564 1098 26595 242
110 347 1207 1418 13743 594
140 230 1008 1346 21010 366
42 166 1254 1283 15939 344
97 124 33 588 3838 226
190 87 681 1117 26735 64
51 400 299 747 1482 588
324 273 1233 1407 2424 28
63 325 386 631 12819 94
189 59 74 1314 708 200
94 367 253 1234 6900 63
347 11 1114 1331 20335 104
133 35 452 525 21198 309
179 223 369 494 16503 479
20 305 206 1007 6532 267
183 374 963 1392 18670 174
357 344 416 534 25842 163
82 175 1084 1212 3840 453
340 89 27 992 22324 420
291 260 637 1301 11703 398
336 128 314 339 15006 81
171 378 93 1207 9203 139
122 390 986 1166 19992 295
344 183 1208 1436 20766 136
366 158 794 1218 27161 83
0 304 393 1077 5245 246
114 326 917 1304 23276 582
212 16 823 1404 13704 48
84 228 130 660 22987 162
228 270 997 1284 19791 1
19 253 667 986 15299 52
212 96 1123 1165 23774 134
7 205 1389 1415 10360 4
109 7 4 1387 17312 101
97 60 1245 1411 6504 310
143 352 373 578 15584 407
321 41 44 606 14843 119
131 68 1338 1404 26780 356
58 79 570 589 1386 42
105 348 531 1102 10312 376
290 21 1436 1440 21474 507
364 329 939 1266 14268 382
275 91 425 809 19238 299
4 70 309 864 10925 346
188 367 191 883 25539 37
21 138 335 641 19118 297
184 202 1123 1189 9614 118
244 374 490 539 10088 184
267 373 145 764 13211 337
153 212 222 425 18377 493
242 172 703 830 15698 119
358 254 873 911 9892 344
376 351 318 659 20537 579
192 327 178 312 26469 87
101 383 452 514 12609 9
50 201 1139 1404 9496 460
250 299 1391 1404 13862 86
188 112 534 1133 25464 171
220 98 734 851 2092 29
269 231 1386 1398 3896 510
203 131 424 1080 1379 222
319 74 214 619 15021 388
185 279 309 523 19537 500
75 288 831 1264 17079 508
347 165 1020 1275 20809 207
277 312 448 457 11148 326
164 18 1075 1150 8417 160
194 298 602 1337 23146 482
33 43 1057 1077 2174 231
66 20 615 630 24867 460
169 82 304 1247 12167 518
195 271 1028 1045 18804 93
347 265 1229 1248 24476 437
386 105 593 1141 19615 428
246 198 1244 1394 7653 21
336 0 372 991 16608 584
130 170 134 1144 8585 311
395 208 786 1178 2040 168
328 65 489 782 23902 343
28 18 985 1198 4617 504
308 367 167 477 26551 362
210 18 1252 1371 12670 470
24 51 964 1362 4960 21
16 306 1264 1297 20642 332
53 358 1124 1301 6388 393
397 398 1004 1060 1971 479
314 323 691 1357 4073 304
65 198 601 1364 22315 125
265 96 78 880 14567 381
387 97 932 1114 25872 78
22 20 995 1125 873 533
341 291 1171 1281 7525 96
397 321 1028 1385 17160 431
259 156 232 530 13958 580
216 43 214 1065 2061 102
212 396 319 381 25930 458
220 351 854 884 16273 333
369 129 160 881 2304 125
183 354 60 767 11399 183
5 118 749 821 19549 147
106 1 419 1093 22077 127
382 3 600 977 22592 26
309 119 290 672 14878 116
244 176 528 661 915 214
185 171 969 1118 9710 567
325 167 376 541 3361 547
297 157 320 1091 4814 129
114 161 1041 1165 7754 189
149 190 859 906 4333 22
201 39 1438 1438 4326 431
153 281 853 998 19368 433
152 326 726 812 8128 456
323 189 1304 1439 1895 386
209 4 854 1182 14460 209
190 150 964 1010 6077 112
141 57 1143 1221 26072 457
204 94 863 1305 5725 254
232 174 1071 1143 11644 474
323 326 177 1166 24740 209
150 0 1431 1438 20274 474
3 111 611 728 25186 309
279 311 319 1187 23143 483
47 347 1019 1408 7614 557
390 207 573 1220 708 124
138 342 83 83 8407 408
269 297 811 1266 3343 259
181 145 1377 1402 19510 88
18 36 537 849 17486 349
60 271 510 1422 24969 168
34 212 593 882 17033 138
293 267 1284 1337 17412 108
210 324 1113 1319 24295 286
149 226 761 1342 20604 142
80 63 1427 1428 12498 411
302 239 285 1431 21897 307
181 323 968 1348 13602 224
244 250 1422 1438 10428 505
333 30 909 1216 4679 508
26 318 441 467 11645 483
200 5 1078 1112 22508 84
351 379 1370 1420 210 370
21 59 1271 1271 8858 300
372 116 288 877 6265 108
222 235 676 1069 5513 339
215 331 1407 1434 4850 459
362 75 1073 1234 4234 214
95 227 715 1113 14001 504
199 373 450 1264 6428 450
104 300 101 896 1090 240
324 43 382 1126 1867 178
119 312 609 1236 2838 525
384 145 723 1144 15017 56
323 356 1057 1397 21250 561
376 220 1189 1305 16062 261
360 243 441 786 8712 44
22 26 333 1049 126 297
