60
324 17 440 1071 24596 588
187 328 1216 1225 10525 359
368 142 61 930 11870 86
218 86 324 422 21230 286
78 200 1326 1341 13506 345
134 51 605 943 11368 138
162 79 1249 1357 22284 339
199 347 1251 1381 6141 295
328 152 709 941 12371 130
172 124 79 1219 4406 530
392 377 89 292 16861 42
175 279 590 1260 22600 67
121 225 1404 1407 23820 417
330 298 950 1228 21385 323
124 227 737 1214 17685 358
233 127 1337 1411 20043 119
378 87 972 1422 20548 491
308 398 370 1110 19771 528
274 97 958 974 16950 337
149 205 202 923 17692 69
60 15 14 1299 3208 549
104 102 37 721 27064 518
269 134 1395 1429 12416 232
120 346 1373 1439 8332 426
248 136 82 320 12054 215
317 170 977 1170 19941 535
213 194 1227 1285 21100 1
178 233 639 670 21243 208
225 369 713 1373 12417 34
365 151 402 872 8656 321
181 91 1029 1332 17979 353
154 160 1306 1377 4092 450
132 384 112 424 25770 447
296 245 488 786 15104 142
16 336 222 1137 19788 436
125 116 1256 1420 26114 53
114 21 1077 1409 1756 194
138 372 895 1308 11109 229
379 179 1048 1431 2728 552
325 108 500 813 7991 479
201 149 231 502 8774 100
34 240 23 1311 20165 59
77 270 1332 1339 2193 406
110 379 1220 1299 2091 340
284 364 1156 1376 16974 220
353 177 1300 1407 10948 537
173 323 411 1111 19495 387
386 221 169 790 19224 181
356 95 74 1106 4262 411
170 180 443 1386 6394 451
180 311 558 1026 27014 165
44 138 280 956 15586 459
246 157 543 1060 2925 469
286 285 212 411 4972 489
38 358 501 861 3820 71
230 85 700 1277 12251 335
143 385 128 586 25575 374
80 284 783 1083 25980 351
0 195 150 388 5317 276
266 112 688 1338 1891 548
