52
388 215 82 612 16753 498
207 155 976 1159 19116 224
258 71 577 720 24766 98
316 128 1090 1398 4815 318
50 373 151 827 15471 574
51 181 889 1212 20017 210
282 244 906 1439 8535 64
280 7 191 1007 23273 2
313 252 682 931 23929 334
360 32 391 845 7818 146
278 229 186 350 10487 521
250 55 617 1181 9538 128
280 170 1106 1210 26195 561
300 147 911 1004 19539 395
162 294 495 792 6025 194
95 16 1254 1422 8521 488
35 45 1390 1438 4267 154
19 41 1432 1440 22396 401
361 268 564 1098 26595 242
110 347 1207 1418 13743 594
140 230 1008 1346 21010 366
42 166 1254 1283 15939 344
97 124 33 588 3838 226
190 87 681 1117 26735 64
51 400 299 747 1482 588
324 273 1233 1407 2424 28
63 325 386 631 12819 94
189 59 74 1314 708 200
94 367 253 1234 6900 63
347 11 1114 1331 20335 104
133 35 452 525 21198 309
179 223 369 494 16503 479
20 305 206 1007 6532 267
183 374 963 1392 18670 174
357 344 416 534 25842 163
82 175 1084 1212 3840 453
340 89 27 992 22324 420
291 260 637 1301 11703 398
336 128 314 339 15006 81
171 378 93 1207 9203 139
122 390 986 1166 19992 295
344 183 1208 1436 20766 136
366 158 794 1218 27161 83
0 304 393 1077 5245 246
114 326 917 1304 23276 582
212 16 823 1404 13704 48
84 228 130 660 22987 162
228 270 997 1284 19791 1
19 253 667 986 15299 52
212 96 1123 1165 23774 134
7 205 1389 1415 10360 4
109 7 4 1387 17312 101
