25
105 198 1309 1370 13033 38
15 220 666 946 14482 244
336 166 254 1089 23248 544
393 93 818 1204 25831 259
126 64 568 1069 22241 19
170 159 505 748 3995 170
148 86 1081 1229 25405 202
226 200 585 682 8526 405
32 213 701 767 19 571
339 139 1222 1263 10810 311
367 48 321 435 18120 486
108 71 1105 1337 3859 73
0 269 1250 1430 8280 137
63 276 717 1223 10159 216
341 77 1430 1439 20081 401
368 53 814 1259 8953 544
189 303 678 697 24304 81
390 202 513 676 5722 531
254 398 324 722 4101 558
94 263 1402 1418 11786 216
120 306 1087 1408 16560 449
47 73 1051 1288 4631 567
307 357 1383 1392 18320 463
375 385 1196 1385 22942 387
289 298 1421 1437 23266 503
