43
31 312 833 1325 6087 1410
23 234 990 1065 8297 425
340 200 1119 1169 5053 736
282 266 1150 1278 19421 884
270 94 1138 1191 21501 1096
11 90 1247 1332 1976 41
35 310 904 1108 27079 9
102 400 776 1137 24266 755
99 318 747 813 9628 712
105 150 1395 1424 14951 896
2 199 280 1260 11821 1248
31 264 1270 1389 21709 136
21 239 1366 1400 13639 1244
168 367 648 661 18130 983
98 1 521 786 10014 360
308 104 642 901 5300 937
362 392 462 1359 23552 846
255 48 1234 1399 26351 551
305 105 53 607 7784 380
344 14 1389 1412 1123 111
267 267 1013 1166 16565 286
215 10 675 1310 6353 421
348 25 375 1291 22625 1199
201 56 467 923 3130 234
298 182 863 1266 22926 1389
237 210 1213 1334 24063 8
20 48 1199 1395 21523 209
203 9 328 927 10963 843
278 289 976 1206 7181 1357
190 81 361 366 26732 456
370 29 493 1254 9942 901
212 400 548 753 19227 177
116 137 1108 1375 12830 439
225 251 709 1382 26960 766
387 292 955 1296 14971 960
190 124 826 848 7121 855
184 189 1348 1393 10516 1063
86 336 637 1081 4522 755
1 27 898 1407 17974 1283
257 159 699 1322 5884 257
247 289 1177 1246 21725 836
17 4 259 933 14533 221
282 290 215 1285 6527 821
