25
22 162 399 773 18498 389
36 108 1134 1378 11246 346
287 129 1387 1431 4666 413
379 192 294 438 5689 473
209 185 518 660 2776 103
49 197 615 1155 24299 295
126 169 271 1310 23007 108
356 67 1027 1388 26014 394
276 261 934 1393 13168 132
317 254 1085 1282 16436 562
278 114 67 526 63 130
174 362 923 1421 17005 25
396 45 1206 1381 18699 121
389 343 364 650 4710 574
160 139 823 1023 26540 537
112 138 513 714 16129 60
187 107 610 1286 5880 151
391 242 25 1290 17257 557
304 220 906 1117 15214 272
270 27 1321 1376 10209 408
18 289 700 728 6547 323
109 199 753 1390 13717 335
170 98 1071 1371 5266 243
226 116 666 1268 5062 563
300 200 595 912 25801 587
