25
280 353 1248 1392 735 258
7 47 180 1166 142 285
13 386 974 990 783 137
143 4 1033 1361 326 250
23 230 273 1302 714 192
346 129 822 1346 313 7
50 113 1073 1240 174 260
5 228 593 1021 10 52
0 354 1140 1359 940 171
100 276 61 1048 120 288
62 233 905 1247 657 224
39 375 597 1414 333 237
95 374 523 1067 273 203
91 247 804 1107 907 170
107 308 1438 1438 69 188
283 136 849 984 609 5
340 168 1436 1440 319 249
214 258 74 847 218 266
168 279 283 486 515 70
355 139 658 1042 621 167
21 288 983 1035 832 166
116 231 1427 1429 59 76
321 20 1094 1223 254 241
255 210 795 1043 543 36
373 292 1185 1298 845 232
