200
208 343 1384 1409 925 293
114 130 384 1438 232 155
264 244 173 347 818 48
80 244 1345 1422 142 229
105 38 949 1113 573 254
317 36 646 724 895 221
314 44 6 1217 772 235
129 6 672 932 887 52
26 219 1372 1391 277 80
340 91 1198 1349 319 175
123 127 241 1216 541 148
44 73 841 860 521 81
83 182 675 881 658 169
155 94 668 1197 421 173
33 358 1342 1427 564 37
139 4 541 1254 944 90
244 50 976 1412 193 29
32 55 930 1103 952 228
379 282 1387 1412 687 144
92 30 520 1207 562 208
254 379 271 953 725 216
302 88 1256 1326 967 213
300 329 68 261 392 88
106 39 0 23 194 284
157 101 995 1068 491 169
84 171 359 749 782 60
101 281 1195 1437 815 188
32 368 728 1089 789 120
71 66 1265 1313 129 42
32 344 888 1400 980 43
299 253 755 975 956 178
12 63 847 1044 893 284
317 352 982 1384 27 142
280 263 334 347 658 98
55 299 910 1120 559 123
222 254 566 1103 255 275
276 31 1150 1377 574 136
249 223 0 1032 273 49
370 26 813 1234 477 51
345 38 821 1017 392 72
300 144 126 819 8 197
8 100 1302 1412 892 136
149 198 1252 1325 599 67
362 226 399 1156 375 65
29 87 201 703 54 159
27 77 587 959 707 108
184 204 970 1199 353 202
268 43 278 1054 541 291
199 152 149 895 613 268
245 269 437 844 237 147
330 44 423 444 957 254
338 380 1008 1257 133 148
268 176 279 955 276 154
102 381 1015 1335 507 81
384 82 1313 1352 436 206
64 4 33 1217 834 299
61 383 263 294 135 298
100 67 679 1153 165 11
366 20 736 790 795 131
204 247 1180 1236 729 292
78 278 1299 1411 199 268
381 96 1403 1427 879 265
207 331 421 1243 711 199
73 293 86 154 274 249
336 344 1384 1407 970 90
378 109 1123 1349 429 286
172 267 1225 1392 431 286
260 121 1235 1379 62 33
230 198 548 1241 546 170
182 63 1154 1417 610 200
29 251 1435 1440 707 144
397 188 1384 1397 249 246
10 251 283 1431 583 156
133 300 1064 1327 253 97
155 20 1407 1439 906 14
395 230 891 1103 118 91
336 171 766 1354 180 192
361 51 567 809 111 184
116 100 605 899 435 88
12 29 731 1026 609 120
189 394 425 536 613 17
388 396 709 1066 700 207
50 45 471 504 419 137
234 306 804 1165 287 79
251 135 577 856 48 135
184 250 1072 1382 543 52
339 238 1283 1343 443 239
337 132 1152 1355 368 287
221 13 461 1373 264 28
345 256 1357 1401 177 224
140 55 239 541 19 188
377 353 916 1122 559 156
179 203 840 1365 32 296
33 104 1386 1401 680 195
177 134 317 1291 822 120
362 231 1019 1212 178 270
327 45 382 734 755 162
50 66 547 735 298 260
58 372 988 1328 925 205
279 54 25 1432 321 183
266 200 1265 1322 757 31
46 199 471 1185 94 88
82 288 831 970 675 290
195 134 829 883 153 52
144 65 90 204 831 84
152 64 578 988 726 132
239 181 347 915 409 186
163 372 372 1113 296 113
26 393 617 1152 66 78
31 173 424 559 108 120
108 47 1124 1318 577 66
342 163 1410 1430 238 286
75 80 1156 1350 152 64
179 251 277 613 18 269
353 385 754 1022 208 77
247 353 499 1058 432 258
42 30 1176 1398 458 299
252 0 622 1373 135 284
87 117 292 1412 91 240
384 320 245 615 454 152
340 126 1205 1332 787 84
395 337 704 1431 839 243
287 272 640 733 846 263
315 216 1097 1282 654 85
47 85 1314 1395 289 114
142 63 933 1057 831 141
270 210 873 882 135 90
165 285 1200 1374 282 64
321 49 578 953 420 234
263 205 207 665 292 209
118 95 262 1280 771 269
254 313 932 939 747 82
111 203 748 1410 128 100
313 102 133 362 216 135
34 337 1070 1141 467 284
102 133 1045 1313 849 130
181 250 976 1358 428 87
129 270 1339 1408 738 64
347 389 14 124 51 4
331 269 644 1060 422 215
71 204 1024 1258 282 282
340 299 1419 1437 518 155
343 278 85 682 208 24
28 237 1135 1369 636 7
218 366 810 1001 327 35
265 31 91 141 965 161
237 270 725 1310 254 166
397 174 343 1380 893 98
203 269 1417 1423 338 259
292 166 713 801 856 190
171 108 552 1395 855 167
283 52 563 665 273 219
374 288 557 726 466 162
336 59 1068 1384 308 45
148 206 904 1284 892 121
167 260 1339 1352 114 17
341 34 1095 1371 546 258
136 389 1218 1278 932 7
124 98 539 957 84 151
23 370 995 1293 668 67
256 135 575 1047 317 204
318 298 285 1233 230 5
43 219 836 1302 482 186
180 384 398 1080 466 239
209 65 986 1213 743 138
364 341 1227 1331 533 61
44 201 1149 1411 155 212
29 183 132 1030 722 88
346 343 1352 1436 742 171
97 24 45 752 890 91
182 377 1197 1435 132 11
126 132 928 1068 729 191
317 26 1238 1283 434 26
218 111 312 461 289 12
148 113 830 1179 861 264
284 147 1344 1359 401 9
99 236 1079 1231 222 156
250 90 297 1165 903 258
360 89 300 1058 884 172
239 44 748 1172 968 285
350 195 299 1023 339 147
281 57 858 1046 772 117
365 235 1046 1436 369 264
230 245 414 1022 893 160
159 279 1378 1424 339 237
212 121 332 1233 803 253
267 397 1212 1240 220 245
294 365 1021 1039 481 245
377 128 468 1161 822 160
129 56 960 1008 946 199
265 393 18 722 534 115
149 286 1179 1255 174 12
216 352 295 601 425 44
272 64 1321 1429 399 226
107 108 302 858 527 206
71 149 26 231 890 44
360 123 1405 1435 550 290
225 192 571 1439 338 4
235 113 383 706 850 294
260 392 1076 1154 166 199
