200
352 246 84 246 277 205
240 7 879 1212 963 106
357 378 646 1271 153 219
62 292 1118 1309 708 6
351 40 1182 1407 538 84
344 302 278 973 404 206
108 296 983 1159 655 283
141 185 525 1178 657 218
144 19 1251 1346 537 75
253 314 1098 1195 485 174
103 138 7 199 146 25
86 85 347 463 344 267
67 348 1096 1398 518 211
240 317 277 1429 878 224
301 176 1427 1434 297 232
294 124 980 1386 853 193
171 321 159 648 275 84
171 323 1031 1289 995 150
335 195 852 1174 427 159
66 351 975 1370 474 192
291 21 729 1399 129 169
211 210 1423 1430 310 19
308 177 663 1271 346 152
34 20 266 413 501 113
109 295 897 1401 824 42
370 9 781 913 741 300
15 64 1120 1206 639 271
218 235 1115 1415 324 233
7 311 43 1408 887 133
173 369 1049 1344 503 266
18 265 646 1415 505 10
161 37 336 1378 264 149
278 388 295 571 637 24
91 150 411 744 672 155
348 163 1331 1394 975 136
388 385 1315 1402 695 120
76 127 427 1173 729 39
211 397 579 1086 355 121
48 50 1198 1296 714 247
177 51 401 1283 284 91
177 75 923 997 725 162
344 242 1187 1217 734 263
349 8 1354 1420 6 84
85 1 470 1439 859 1
269 223 567 964 623 210
136 382 874 1379 429 43
185 193 846 1160 92 190
228 118 373 1143 851 105
286 22 974 1228 428 293
76 89 20 834 785 130
343 263 882 1233 138 176
32 124 1279 1299 988 58
212 117 1126 1312 998 174
378 277 213 260 818 32
303 17 320 1424 712 263
251 157 1292 1328 827 78
343 238 82 768 895 107
111 326 1327 1381 859 288
232 349 576 1208 384 141
70 209 789 1331 600 185
337 215 685 1437 366 42
280 359 1169 1397 658 49
45 348 1073 1162 767 215
295 148 1173 1396 986 52
90 195 738 1173 603 180
337 43 1354 1400 752 104
54 13 1346 1390 365 159
106 188 1334 1382 315 54
348 396 981 1191 901 111
163 290 470 550 252 117
118 102 159 516 946 182
117 76 726 830 782 104
85 77 1389 1433 34 17
251 80 137 367 436 251
58 173 305 1225 65 74
185 277 798 880 125 116
80 150 1132 1418 349 29
355 214 1155 1269 773 7
112 1 993 1422 867 84
231 216 405 657 883 143
258 323 1163 1200 540 5
58 90 226 994 11 12
92 106 999 1222 928 128
16 98 813 952 621 261
99 145 899 1087 580 230
15 90 977 1366 697 44
153 7 302 1063 695 86
112 30 642 797 311 16
16 59 149 1195 263 63
134 164 240 521 15 37
116 187 701 743 773 146
169 209 800 962 291 90
295 283 755 1330 923 31
211 150 167 478 167 285
388 111 1224 1267 252 103
311 328 419 939 862 106
329 152 289 1151 712 124
185 222 541 757 298 237
128 68 283 895 36 105
238 75 315 498 704 224
201 332 576 1393 682 286
105 98 384 909 290 78
9 379 212 1239 321 228
59 317 1242 1243 661 291
387 265 361 1010 347 179
219 236 989 1021 805 196
7 105 30 1378 885 14
294 250 1413 1436 356 236
57 157 587 1203 631 296
31 375 1154 1236 725 282
355 252 1214 1337 306 225
261 130 1436 1436 60 89
242 379 154 1313 30 103
327 18 526 1181 65 264
58 214 183 333 304 11
174 251 847 1197 231 251
311 258 803 1422 336 74
6 116 779 1282 367 114
233 399 931 1140 386 120
287 60 54 229 732 203
125 162 234 702 363 8
227 187 639 841 879 284
355 172 1109 1332 11 61
238 298 490 665 903 123
97 274 63 1088 497 206
276 85 649 1198 220 120
378 247 294 507 823 269
190 399 1156 1188 158 232
167 232 189 594 338 17
52 188 388 512 195 13
215 313 1312 1400 129 119
268 22 1213 1366 800 227
158 180 250 813 568 252
239 381 293 1058 569 201
295 46 392 905 271 127
293 339 1414 1429 766 93
75 351 511 860 192 22
79 112 620 1146 179 252
204 72 382 524 189 33
301 372 970 1132 61 245
186 361 275 727 263 73
91 159 360 374 239 12
320 113 785 1176 490 22
19 233 795 1018 955 102
327 217 605 1370 803 89
145 75 1264 1280 111 13
28 376 540 1310 111 201
101 36 822 1026 300 202
251 279 275 1358 111 291
187 347 1088 1409 806 35
53 162 732 951 90 226
316 357 1155 1423 680 144
162 241 298 1426 625 153
80 93 1200 1409 543 186
235 262 761 909 14 187
234 268 476 940 426 119
309 105 1281 1404 204 62
137 374 1211 1334 820 261
68 21 620 917 551 6
234 181 191 225 378 8
286 215 1187 1281 119 172
176 379 748 1019 624 250
107 75 305 1425 471 238
12 66 919 1255 392 146
93 317 59 263 600 247
133 56 1365 1405 149 234
15 48 894 1274 131 266
269 240 973 1204 963 268
14 375 1140 1234 237 193
138 314 658 1127 377 57
12 343 1384 1410 808 293
373 313 622 1213 708 22
391 349 491 492 149 258
188 328 616 1315 904 70
236 256 2 522 473 108
398 295 875 916 77 121
121 126 149 537 307 125
312 315 745 969 880 265
134 329 1262 1266 424 159
137 247 336 645 288 276
22 43 1201 1399 634 20
10 303 13 636 371 208
228 164 902 1111 310 197
103 215 427 975 295 69
298 351 857 1110 685 246
194 34 286 991 533 48
328 386 1254 1297 118 170
41 15 510 716 28 59
55 372 769 1011 672 138
54 160 639 1174 952 176
257 209 850 1016 226 35
27 214 359 1011 839 269
190 141 791 892 282 225
325 181 784 1237 441 255
44 79 63 571 75 150
221 351 1342 1390 439 127
311 304 372 853 730 52
382 130 1147 1278 881 279
297 313 308 980 382 9
12 329 337 1289 354 284
