200
282 313 77 674 50 226
296 24 167 1130 16 206
109 276 1391 1440 182 25
117 331 492 1370 544 54
371 160 40 452 663 36
231 342 231 1232 161 42
21 312 1429 1433 435 237
199 35 1165 1233 924 280
277 173 841 1423 5 287
24 172 745 1294 145 289
91 136 769 1367 672 224
225 360 919 984 752 74
212 202 644 1157 225 63
261 394 388 1287 406 130
276 304 930 1413 437 11
106 373 1286 1308 125 109
196 233 682 1404 214 243
299 282 78 929 946 146
341 236 1087 1354 806 149
95 70 556 742 779 224
48 310 1126 1156 699 24
103 223 882 1176 726 266
293 142 805 1296 94 298
302 133 391 1201 593 110
143 86 1381 1394 936 199
223 298 570 687 482 8
175 23 730 818 552 70
74 218 442 462 227 101
383 271 1414 1434 98 64
74 63 805 1014 151 249
330 119 481 1179 45 221
328 123 19 1116 470 83
223 381 405 1163 757 195
196 287 1144 1275 885 79
157 182 989 1185 287 95
220 1 301 595 177 174
352 90 20 361 478 55
125 310 604 913 134 203
356 87 517 1216 665 30
234 77 626 1163 647 247
364 367 1422 1431 405 54
221 244 1201 1315 409 113
191 262 1440 1440 288 109
139 76 353 1275 192 169
45 76 289 1320 170 95
161 6 1349 1390 69 114
379 8 662 1115 694 34
147 348 864 1092 986 291
232 37 408 956 665 56
259 154 976 1331 725 56
69 2 1349 1413 685 14
289 379 946 1278 232 251
141 236 117 1312 306 96
245 74 522 1147 305 15
118 146 442 565 570 170
0 260 63 707 875 83
225 312 444 1045 878 101
308 182 28 1270 276 223
42 152 187 833 141 172
97 45 1129 1390 745 274
180 127 687 1103 743 136
106 198 525 1404 564 186
256 153 491 654 655 61
378 77 1246 1370 623 139
266 38 542 701 117 103
105 155 1043 1379 615 269
168 168 1177 1255 360 79
81 312 379 628 665 133
49 290 344 1303 665 42
141 287 423 1114 1000 169
173 272 255 1243 887 76
224 276 1176 1380 952 33
92 317 361 1405 871 48
395 169 623 1005 502 267
23 208 839 869 289 7
262 204 1288 1304 24 78
368 187 1256 1355 911 178
35 393 282 334 982 85
156 202 1227 1416 44 86
277 158 615 1398 861 167
269 315 689 1076 254 235
248 244 542 683 29 231
228 210 1302 1383 918 157
243 386 1354 1402 525 266
17 398 1127 1148 670 203
249 304 147 158 926 7
319 99 1110 1283 256 118
331 153 423 561 740 220
4 297 1080 1231 295 262
369 222 516 1283 559 60
334 349 1199 1243 294 40
264 68 728 1374 706 81
270 202 1377 1391 946 254
370 366 1045 1188 62 15
386 283 424 1197 96 115
184 321 1077 1367 845 108
397 217 1034 1192 199 151
359 397 1090 1354 626 129
314 333 1420 1422 444 177
282 247 678 1092 491 122
18 66 474 842 609 44
78 365 612 1438 206 95
3 18 1349 1423 569 95
314 186 1227 1370 715 276
374 247 1217 1345 803 161
101 168 989 1021 410 84
261 383 469 488 713 101
207 83 935 972 584 52
190 281 1357 1415 788 234
24 232 774 879 267 204
140 46 176 1401 559 255
85 218 381 614 591 80
180 16 1200 1300 935 140
189 0 339 451 564 131
12 149 1284 1314 318 148
325 145 883 904 549 167
267 328 23 474 994 142
399 95 912 1354 846 22
72 398 1027 1118 743 268
312 270 8 705 881 57
196 13 682 1030 898 196
24 15 1260 1316 427 294
390 209 555 1200 524 163
21 7 239 523 178 272
136 44 851 1423 447 118
107 215 376 657 51 128
308 55 852 1402 631 34
13 293 521 579 918 125
370 233 1340 1377 297 154
391 91 628 1369 915 116
145 92 521 1397 383 137
303 85 1254 1405 93 187
395 111 1018 1411 709 41
137 216 453 558 759 58
300 321 1045 1123 56 192
126 223 758 1141 945 193
1 276 1208 1218 107 266
393 167 1335 1344 894 208
22 40 360 1270 232 273
212 64 1154 1202 453 197
361 10 1117 1282 929 91
400 253 1307 1313 467 192
179 23 1340 1408 410 58
327 18 1014 1094 571 120
223 235 991 1279 885 16
206 186 582 1092 360 103
359 33 75 869 403 264
14 289 768 1420 7 145
339 7 984 1355 582 64
48 202 367 450 994 60
30 355 1291 1339 944 199
245 361 209 1303 368 186
81 34 597 1175 961 98
182 389 368 1064 476 50
68 397 227 495 163 19
144 393 1419 1430 904 48
219 284 1394 1412 708 99
218 103 556 782 783 160
379 274 172 588 599 111
372 20 783 1371 840 147
159 376 726 1089 524 162
26 292 612 1071 453 78
343 112 921 993 322 198
196 249 932 1100 782 202
185 193 826 1074 491 120
208 0 653 869 242 103
176 336 1408 1436 420 154
127 263 809 939 380 8
243 176 1124 1218 102 264
119 140 824 1022 748 278
176 214 193 1092 123 275
71 209 1360 1393 242 48
51 108 538 1221 866 50
155 248 1435 1435 31 162
355 381 424 1227 633 120
166 391 1428 1439 607 31
171 312 883 936 572 266
33 47 1005 1098 21 116
328 185 886 1090 256 42
132 0 321 1181 421 252
396 373 1343 1383 664 139
159 313 960 1026 464 127
203 357 1251 1394 997 270
265 65 857 973 91 185
3 135 215 1268 546 289
246 165 274 497 1000 44
133 249 310 624 724 37
306 331 319 877 207 242
142 152 5 409 717 170
125 4 1098 1167 790 278
46 199 883 1089 407 272
299 330 1113 1214 243 168
346 312 1035 1035 456 232
186 296 491 1056 19 220
163 213 1159 1163 705 57
192 188 1439 1439 186 232
302 9 97 513 356 165
341 129 1236 1360 76 278
314 197 95 1090 2 1
124 94 21 736 197 4
