25
57 198 1208 1289 790 257
121 133 410 1395 658 217
114 224 369 422 758 40
113 355 773 1315 875 56
331 94 306 681 870 150
379 345 1045 1356 731 273
308 61 105 969 997 106
42 25 451 1220 43 269
186 226 165 215 791 77
148 242 1403 1403 394 287
377 393 906 1325 948 286
326 20 1418 1439 218 96
21 199 715 1199 409 146
15 254 619 1395 664 215
224 138 710 998 286 222
224 357 692 956 945 59
43 35 348 696 544 249
178 177 956 1422 561 194
103 69 71 1245 680 50
122 192 515 1342 184 166
58 356 349 966 417 33
19 167 919 1378 42 4
279 160 255 1147 329 54
285 23 942 1196 244 139
161 140 427 1054 806 21
