60
87 265 824 1362 492 198
132 188 376 1185 864 47
118 331 940 943 339 175
72 319 1134 1320 900 61
60 104 1402 1411 447 74
154 282 747 765 831 104
41 361 1153 1388 471 82
382 106 737 903 498 283
55 268 13 1236 16 244
102 18 336 1269 785 52
104 287 321 1266 493 104
36 221 387 1294 321 201
336 367 26 669 123 123
127 164 1321 1354 959 232
390 235 79 1217 103 118
133 76 740 773 635 183
93 73 155 448 405 218
359 59 1365 1390 846 144
91 103 69 830 247 148
61 374 836 1310 34 213
140 119 1041 1244 425 114
87 98 1160 1310 957 280
375 21 357 970 51 165
56 185 759 1353 175 254
66 137 1152 1417 221 165
59 148 1214 1369 730 279
270 265 1013 1304 417 248
106 379 335 679 172 157
362 198 31 354 676 180
387 163 209 575 813 204
213 317 1376 1433 707 57
360 181 255 633 741 120
107 313 31 708 39 17
24 238 1031 1121 671 152
21 400 1305 1411 374 260
50 223 996 1055 623 90
64 41 1389 1417 631 2
214 284 959 1207 994 189
319 208 612 1344 603 16
192 297 1220 1260 381 295
325 40 398 926 150 30
149 34 378 1197 401 7
323 153 183 231 398 79
214 308 1178 1283 370 221
316 55 168 230 465 45
205 390 1182 1371 427 261
366 132 239 781 372 101
32 150 895 1142 385 274
294 280 1374 1394 993 25
372 274 809 979 923 94
143 281 112 514 271 34
381 89 1138 1382 772 268
298 18 344 1150 220 121
3 107 682 1144 580 251
166 176 614 991 609 40
200 69 953 1131 747 239
63 368 720 1225 820 175
366 76 1286 1406 98 50
232 158 1159 1392 467 182
282 367 1396 1434 46 139
