25
321 51 1105 1362 371 258
264 168 546 732 50 278
41 156 718 1108 157 51
345 188 206 1184 272 260
329 160 100 277 398 10
246 97 725 1013 2 197
205 243 250 831 700 52
17 295 1397 1404 9 210
266 22 126 1110 74 93
229 397 37 1203 384 131
159 383 897 1295 12 150
29 386 1307 1432 565 55
16 176 164 342 705 42
363 223 904 976 864 215
155 315 294 668 412 249
308 313 123 170 930 107
246 69 228 1386 69 296
396 97 937 1281 481 264
291 75 559 664 388 272
299 86 1326 1327 871 91
372 55 764 939 147 278
330 182 1000 1385 510 292
116 316 316 999 712 20
39 160 686 1064 648 255
280 154 839 1188 2 22
