60
384 390 79 126 325 47
370 348 1256 1314 802 29
326 286 946 1349 582 111
114 265 712 1152 599 132
374 331 119 761 423 163
232 240 456 578 465 23
400 86 1251 1257 12 224
182 319 217 1205 932 65
241 76 1016 1378 611 245
118 156 953 1304 560 6
247 36 1102 1268 15 193
43 325 94 259 606 274
233 29 422 1096 206 36
237 322 544 889 859 180
208 201 1334 1342 868 207
178 119 535 863 989 72
313 181 627 829 720 263
187 372 1386 1421 412 292
45 134 1254 1261 228 32
14 186 885 1335 458 297
73 104 419 965 830 76
385 128 1428 1432 412 271
62 365 864 1043 575 286
221 116 378 1107 135 12
93 263 1285 1339 455 52
299 259 586 703 396 17
80 338 1114 1438 548 80
146 114 637 640 232 160
335 311 153 952 965 250
137 77 992 1207 560 265
185 388 266 919 919 52
43 336 1430 1439 396 128
391 58 25 372 103 243
101 322 751 1122 93 219
365 239 981 1106 779 228
280 25 632 708 193 200
84 251 444 834 432 58
240 326 1082 1256 746 116
171 177 695 1228 118 257
112 166 856 1431 629 162
268 91 900 1241 789 44
229 382 145 1297 372 222
48 324 313 420 249 42
257 58 853 1014 117 236
199 174 103 1358 367 37
353 56 115 490 710 220
280 202 1400 1431 318 229
252 48 340 1326 218 262
296 11 142 1044 430 215
282 46 780 1421 38 181
144 56 104 1264 822 106
248 386 295 1106 98 58
276 181 1029 1352 829 289
284 272 744 1230 80 218
311 376 949 1089 19 172
183 288 1016 1143 421 169
13 125 1294 1339 403 188
314 380 911 1406 474 4
147 121 55 962 650 173
204 83 983 1185 30 133
