60
180 228 1365 1433 713 90
97 134 318 594 26 208
243 324 767 871 567 30
267 227 1226 1296 904 267
326 44 1018 1377 668 180
97 330 348 655 668 267
360 104 323 1009 1 87
94 380 135 266 960 244
251 187 1350 1409 715 190
355 346 255 1035 761 83
1 216 1358 1411 33 102
4 33 1227 1259 170 134
278 333 1315 1392 105 111
203 16 57 1092 80 270
70 47 290 876 141 177
314 217 812 1285 363 252
263 293 1430 1439 305 44
18 172 890 1076 822 221
222 25 883 1154 970 246
236 334 224 1261 743 271
79 277 500 976 974 168
24 22 624 1046 359 281
212 396 1000 1274 348 215
115 356 364 1155 255 207
34 288 517 936 232 256
100 372 79 977 661 56
18 355 338 443 40 96
90 365 1115 1412 184 75
254 297 1260 1413 374 178
82 372 400 1056 706 247
384 142 1142 1195 387 151
352 281 434 1350 992 44
69 390 846 938 439 91
267 300 255 934 323 173
397 302 552 783 44 244
206 44 293 1270 814 124
211 171 1281 1301 404 274
383 210 39 586 423 229
132 120 1370 1392 574 219
256 102 537 1439 249 286
380 364 330 1093 461 169
340 51 1227 1339 538 111
287 232 1089 1117 83 243
257 116 1289 1308 190 206
111 62 374 1076 264 53
257 19 113 504 592 154
259 238 444 762 349 235
85 346 1381 1411 391 160
352 312 632 1084 376 266
288 205 1089 1140 533 96
398 124 274 715 414 92
200 247 672 885 88 227
393 389 627 1256 773 29
236 185 315 960 155 11
211 132 658 1356 237 171
46 272 847 1303 716 201
235 134 1233 1234 227 298
55 213 820 1119 368 280
334 350 552 1304 872 14
304 178 1352 1387 328 85
