156
263 154 1373 1438 216 24
265 161 294 977 112 14
265 155 869 1195 418 38
261 162 1210 1251 108 12
302 180 1008 1440 121 11
367 248 772 971 1008 84
194 400 422 707 418 38
200 396 669 775 153 17
201 387 615 633 96 12
360 293 960 985 400 50
321 249 652 1305 528 66
317 243 880 954 30 3
400 356 685 1153 168 21
400 400 783 834 300 25
298 400 279 481 100 10
400 400 1355 1366 130 13
272 400 1292 1390 504 42
349 241 760 762 544 68
215 394 118 167 288 24
213 384 200 912 710 71
212 385 994 1375 110 10
228 311 198 1195 410 41
215 386 1119 1412 104 13
214 385 483 636 935 85
217 389 555 1182 144 16
216 390 913 954 55 5
218 383 857 1185 132 12
228 378 540 622 184 23
235 388 901 934 168 14
243 394 17 1429 330 30
308 393 1403 1422 670 67
289 385 1411 1412 32 4
296 379 1223 1296 675 75
279 390 858 1418 488 61
141 400 511 1293 130 13
169 381 833 1101 286 26
5 400 592 945 108 9
2 400 313 694 11 1
91 320 230 529 488 61
96 326 326 354 180 20
0 162 1435 1439 100 10
41 166 1244 1265 384 32
25 114 1019 1302 513 57
16 135 1357 1439 260 26
46 76 98 885 270 27
38 71 911 1165 280 35
37 77 367 820 144 12
41 75 279 443 320 32
34 70 1183 1323 384 32
31 73 1118 1224 72 9
73 81 1397 1409 830 83
42 70 542 735 240 24
34 77 1277 1291 180 15
141 44 1198 1346 256 32
93 0 797 1255 736 92
94 3 30 1367 120 15
100 3 440 1427 693 63
142 0 562 623 126 14
137 0 743 1274 330 33
128 0 1364 1378 256 32
129 136 1404 1437 200 25
63 70 1127 1299 800 80
22 45 2 942 424 53
16 47 841 1344 216 27
0 11 288 622 72 8
0 9 1212 1214 176 16
71 14 555 1141 396 44
297 39 705 931 110 10
337 0 1078 1177 372 31
287 6 15 1006 234 26
342 0 342 887 828 92
343 0 1119 1436 492 41
292 0 1002 1332 264 24
297 0 365 483 72 6
287 9 254 353 544 68
291 0 1187 1373 248 31
61 82 871 908 192 16
65 86 801 929 56 7
56 335 481 668 40 5
62 337 700 1351 308 28
67 328 1287 1336 928 116
57 331 1299 1319 407 37
52 335 773 826 472 59
114 286 109 626 168 14
122 295 882 1006 704 64
112 225 418 1317 132 12
75 162 431 810 374 34
0 86 745 826 162 18
52 16 1043 1220 516 43
0 19 919 947 253 23
0 0 19 248 260 26
1 0 234 925 132 11
5 7 833 1141 64 8
1 14 677 1027 88 8
0 0 1219 1338 180 20
0 0 1099 1342 480 40
102 0 1357 1435 768 64
118 30 455 1227 570 57
263 73 29 291 126 14
318 116 949 1202 312 26
306 186 323 822 900 75
316 189 1325 1345 530 53
362 0 960 1036 27 3
361 9 502 640 56 7
358 0 767 773 60 5
360 1 1332 1390 396 33
400 0 239 479 16 2
400 0 668 1049 121 11
400 59 964 1301 650 65
350 30 627 1328 372 31
354 27 1182 1426 81 9
333 101 569 910 312 39
148 0 1157 1406 72 8
138 0 444 556 261 29
147 0 611 1042 876 73
148 0 133 1038 104 13
352 102 1129 1146 0 0
165 128 576 691 396 36
155 371 1228 1325 330 30
164 370 785 1092 110 11
165 361 188 715 0 0
175 365 1042 1393 690 69
183 373 1267 1372 320 32
252 400 300 897 504 42
248 400 460 911 154 14
53 371 183 966 680 85
234 400 661 977 564 47
12 400 955 989 704 64
83 400 1227 1311 126 14
221 186 879 975 451 41
215 196 213 537 60 6
64 124 780 1161 112 14
236 373 810 1326 120 10
130 228 666 877 121 11
253 247 1295 1331 736 92
217 299 573 1344 1122 102
236 297 1236 1390 630 63
309 359 675 823 451 41
313 352 340 514 924 77
328 377 1245 1401 180 20
271 357 408 1210 484 44
301 400 834 1169 242 22
304 400 901 1397 272 34
296 400 959 1048 320 40
223 371 1415 1436 300 30
208 400 1151 1307 372 31
196 379 1079 1308 708 59
306 194 513 1152 88 8
321 218 307 487 864 72
363 194 114 1423 840 105
400 339 402 1111 0 0
398 331 1131 1432 588 49
400 274 829 1134 90 10
282 237 1083 1411 276 23
291 238 767 1068 540 45
69 187 1111 1279 99 9
