178
348 342 49 160 166 98
340 333 36 100 175 42
347 339 49 101 142 34
339 331 54 86 151 25
341 329 55 166 159 95
335 332 42 253 147 130
331 327 25 146 145 125
332 327 36 154 165 105
333 318 51 87 159 33
333 320 32 258 153 170
326 314 31 82 164 29
329 324 45 90 151 31
338 332 28 81 163 30
359 398 24 194 661 133
354 400 41 156 689 95
347 390 56 178 718 73
144 195 220 233 167 11
140 201 224 428 167 179
139 205 236 435 156 125
140 197 220 247 168 42
143 199 240 382 165 109
143 208 249 468 155 124
139 209 250 519 165 186
140 218 250 323 174 93
147 209 246 520 143 160
153 218 244 275 175 31
163 217 263 419 160 114
171 221 283 447 156 94
18 332 103 328 187 155
8 338 109 213 239 106
13 334 111 158 251 35
17 324 127 188 284 33
17 314 134 189 200 30
13 314 147 337 233 119
19 324 165 213 279 43
20 333 173 308 256 102
325 10 301 422 2105 125
126 173 86 114 368 23
122 165 87 175 390 110
118 156 92 137 459 33
127 165 74 193 485 124
122 161 68 274 399 120
257 133 247 509 295 197
259 131 228 256 307 29
261 122 216 452 263 130
253 117 197 330 251 77
255 110 217 257 257 20
261 101 212 399 326 112
269 91 202 241 248 40
7 53 6 301 1589 160
238 64 158 307 702 98
229 64 146 330 591 155
231 63 162 198 667 34
221 228 37 49 1888 32
318 272 120 136 186 11
314 265 139 183 209 31
309 259 158 222 196 37
318 249 146 219 203 41
316 246 147 262 201 129
317 242 146 293 158 115
319 242 160 176 166 13
310 249 178 202 192 100
309 253 175 236 175 32
312 260 161 206 179 36
320 266 141 147 184 4
194 102 140 229 227 102
201 93 135 306 185 120
205 86 124 210 199 81
215 76 111 144 210 22
211 70 102 143 233 41
221 64 83 176 222 110
221 72 83 267 176 141
211 66 69 269 198 123
218 60 65 219 225 167
360 181 339 424 497 55
358 180 323 353 436 43
350 173 319 522 458 117
344 170 328 615 516 195
299 400 106 329 170 169
298 391 124 324 169 128
298 388 143 163 215 29
289 393 132 376 215 153
297 397 130 163 228 24
288 400 144 237 202 118
287 395 127 144 186 14
289 387 114 154 227 40
280 389 117 330 191 141
246 254 22 120 1816 59
219 262 169 209 499 31
216 259 164 224 420 34
226 259 162 332 431 132
232 252 168 196 502 26
80 24 349 380 156 28
89 23 367 374 223 5
95 26 381 454 182 38
89 33 387 407 138 20
97 41 378 549 189 108
87 41 375 559 213 145
96 39 360 393 167 26
86 45 359 390 188 24
83 40 342 365 209 32
74 41 323 451 181 111
82 33 330 400 137 88
149 265 227 393 264 103
145 269 228 334 214 103
155 265 230 271 248 39
151 257 223 368 262 102
148 266 204 253 237 36
158 257 218 466 256 164
157 256 225 251 219 19
167 257 211 249 244 34
346 160 220 357 176 78
350 160 222 253 148 38
349 165 235 564 169 166
354 168 220 414 157 143
362 175 212 234 149 20
357 176 194 331 136 170
360 166 176 399 156 147
370 175 164 316 134 97
364 177 168 245 157 72
359 185 183 387 159 162
361 181 195 432 165 139
359 191 187 210 160 24
355 200 172 241 160 76
373 103 238 267 263 21
383 111 231 266 295 33
383 105 235 338 316 82
387 115 236 278 310 23
392 115 255 396 253 201
400 105 268 398 238 78
397 97 254 288 321 30
227 300 293 335 243 28
229 304 281 408 261 108
233 310 290 346 247 49
237 305 294 499 231 125
241 312 291 317 206 18
232 305 300 419 259 144
229 297 313 551 210 136
228 305 322 346 178 24
219 306 336 380 192 44
286 272 265 450 212 135
288 277 246 276 214 30
291 268 233 450 224 150
284 275 247 271 172 30
290 283 240 424 196 127
288 291 223 232 186 49
293 296 208 251 201 25
300 296 204 463 225 213
297 305 199 437 167 168
295 309 208 394 190 115
87 204 0 105 656 83
97 200 0 36 724 27
91 196 3 148 818 126
50 356 242 300 840 41
54 362 248 286 870 39
290 92 160 180 207 13
297 90 148 329 196 142
293 97 134 322 191 166
295 102 138 361 145 183
302 97 130 381 213 179
298 94 145 187 210 38
302 92 164 207 175 32
311 84 177 254 189 78
301 77 176 206 188 25
311 69 176 261 166 94
193 169 337 574 484 214
193 174 322 347 536 20
194 166 333 352 474 15
201 156 333 490 448 137
146 40 99 287 222 109
149 48 107 117 271 13
157 48 108 214 241 83
153 40 95 112 257 11
146 39 82 421 238 182
153 30 96 247 209 94
159 24 114 235 246 101
167 32 118 156 237 41
217 202 360 429 673 56
