24
339 264 638 1085 172 473
18 357 969 1222 179 215
19 19 200 400 480 93
38 4 290 1011 297 176
185 149 710 1087 715 307
68 166 433 1070 489 77
350 271 573 1318 409 25
331 89 287 701 311 136
17 203 904 1264 403 409
314 197 1300 1400 637 100
56 15 947 1048 173 215
175 388 20 1056 800 500
209 205 10 1135 26 110
12 282 741 1321 101 150
207 192 1411 1440 298 18
215 108 348 1440 456 342
380 0 1000 1318 700 90
332 251 934 1217 69 215
125 329 1014 1343 29 62
288 257 1179 1186 686 268
123 45 165 265 215 425
352 177 777 944 286 470
50 299 1276 1377 619 89
400 400 491 492 1400 300