54
252 194 0 1440 1000 20
252 194 0 1440 2000 30
0 0 0 284 5000 80
400 400 500 600 1000 100
175 350 800 1000 200 50
252 194 0 1440 1030 20
300 200 60 1440 2001 30
400 400 375 380 10412 150
200 375 750 760 5612 50
140 140 1040 1045 20124 20
93 281 1200 1400 10432 90
335 78 297 1192 291 91
45 187 233 1022 269 0
62 295 302 1046 157 72
20 74 507 1341 366 68
325 136 274 1317 247 167
183 191 1185 1245 60 198
387 157 1243 1390 131 110
153 276 232 1016 447 187
233 189 308 340 334 168
148 275 117 436 918 179
132 92 1376 1380 484 58
44 60 255 560 362 188
336 389 399 510 262 32
295 394 928 1296 679 119
204 289 143 1122 567 72
319 309 497 1344 260 126
187 156 915 1297 857 92
325 288 459 920 942 97
354 191 953 965 50 109
277 331 574 867 462 33
174 14 556 1189 989 160
358 16 542 1221 436 79
107 350 439 941 414 126
179 178 1110 1296 829 138
130 371 574 727 235 30
143 9 364 1104 546 135
224 37 1164 1167 292 159
92 104 1138 1265 668 150
392 323 1214 1359 88 52
0 348 813 853 126 7
175 315 803 1267 134 128
290 0 1070 1286 443 168
247 193 62 1057 886 155
137 267 889 1095 766 77
196 152 418 1181 910 80
122 343 478 983 47 147
183 341 1077 1156 266 32
232 297 261 1438 652 117
275 382 429 916 749 170
192 369 1381 1403 652 121
230 9 416 462 549 62
54 347 1106 1180 940 100
79 19 340 388 290 125
