40
390 240 910 1262 560 2
390 210 880 999 506 2
180 0 460 1187 507 2
330 390 1120 1343 555 2
150 0 430 634 571 2
390 30 700 1237 515 2
330 0 610 1230 540 2
120 0 400 1070 543 2
390 0 670 787 519 2
390 120 790 1083 533 2
390 180 850 1146 519 2
300 0 580 1089 597 2
300 390 1150 1290 597 2
270 0 550 1100 552 2
240 0 520 908 584 2
390 90 760 876 589 2
390 300 970 1323 568 2
390 360 1030 1105 509 2
30 0 310 1138 563 2
60 0 340 1162 552 2
390 330 1000 1314 558 2
390 390 1060 1178 514 2
0 0 280 831 574 2
210 0 490 956 517 2
390 150 820 1108 506 2
90 0 370 1424 569 2
390 270 940 1234 511 2
390 60 730 1052 543 2
360 0 640 1164 552 2
360 390 1090 1332 598 2
250 300 1031 1290 1394 63
200 100 366 450 1437 63
150 300 1257 1352 1415 63
300 300 918 1061 1458 63
300 100 592 1151 1437 63
250 100 479 913 1421 63
200 300 1144 1274 1375 63
100 100 140 1043 1434 63
300 200 755 1231 1358 63
150 100 253 647 1361 63
