48
265 392 844 1044 231 69
235 257 486 1245 177 56
198 163 510 664 143 5
325 328 969 1341 191 44
374 130 630 893 440 86
337 381 1324 1367 154 47
127 396 1212 1214 227 55
238 59 140 731 205 47
325 397 337 1085 282 23
281 297 746 816 90 82
179 3 14 916 215 9
394 27 1424 1430 483 66
55 7 885 1340 193 67
3 141 1233 1438 250 21
221 387 401 1105 350 84
69 42 830 1200 22 99
351 39 343 1323 325 45
141 261 380 1280 319 88
209 218 424 556 475 73
31 165 692 986 57 100
45 44 922 1403 277 33
42 399 933 1424 616 65
300 130 1391 1423 510 66
308 324 811 1238 3 30
381 102 501 1412 479 23
84 232 599 1149 379 78
168 286 903 1165 417 42
2 335 1256 1298 541 43
252 218 588 1274 183 33
138 285 43 1402 32 31
1 152 610 699 205 37
232 332 420 973 605 90
17 267 87 1397 136 67
275 194 1149 1191 113 26
215 288 119 558 159 49
281 377 427 977 289 47
354 73 17 94 642 90
168 205 1391 1407 141 48
237 215 276 548 375 15
156 364 1356 1378 288 68
192 139 251 1214 148 97
178 217 621 826 65 22
111 308 652 1304 516 93
59 278 1184 1353 143 71
306 212 288 615 227 40
200 200 0 1440 25682 5
0 0 280 290 20000 100
300 100 690 720 20000 598
