194
239 203 308 613 17930 349
398 95 42 912 24180 194
399 220 1226 1346 21890 247
15 352 606 1114 5359 439
386 326 329 864 6471 46
358 393 132 747 13111 270
328 87 446 1331 1811 276
91 203 900 1078 4818 74
54 324 1104 1108 24626 317
49 219 952 1160 19674 368
141 350 634 872 26439 126
3 105 820 1346 1990 211
60 309 27 511 423 290
116 384 427 1284 14220 232
343 214 840 1046 12700 238
3 89 1355 1401 22868 478
110 239 516 976 13718 401
225 290 167 294 1630 253
191 374 893 1408 24604 468
273 46 385 1006 23085 10
208 204 259 1333 8818 80
167 55 403 787 8783 42
40 44 393 1219 8004 66
186 197 776 820 7110 12
110 332 509 527 10060 328
180 298 96 926 18019 82
90 173 182 271 22546 447
367 138 217 564 8313 112
334 354 1075 1248 26016 224
125 33 1130 1292 17303 86
98 112 715 852 57 442
394 374 1050 1164 15131 52
384 239 755 952 10815 400
181 116 493 696 22150 480
335 270 74 175 5462 121
62 21 110 689 17146 265
194 261 547 1131 1799 181
73 155 1289 1327 22613 23
185 87 499 715 10878 20
143 280 747 933 18894 83
116 177 1383 1383 9304 460
11 44 386 443 2571 255
119 72 352 764 7903 11
99 97 921 1329 8999 241
161 151 679 860 12778 218
373 36 1194 1295 1246 393
207 397 832 1412 19076 203
7 38 361 660 20829 64
145 28 857 1291 5683 334
92 86 208 629 4835 113
81 380 11 890 920 309
37 300 1344 1372 12687 10
256 85 1192 1319 22338 326
145 166 866 1064 18665 22
205 73 731 1422 682 80
146 135 439 1375 22655 455
349 231 1310 1392 16918 407
268 345 324 1244 9402 445
172 33 1148 1440 20935 459
356 290 367 952 25109 39
59 152 533 833 8441 188
247 292 688 969 1395 410
152 124 806 1005 15537 199
379 357 35 229 18663 346
19 12 579 1159 6291 200
159 202 259 1190 4799 373
252 62 488 604 11761 292
195 301 995 1272 25458 381
239 288 656 1409 3059 449
207 32 1041 1342 12512 339
274 18 1228 1230 4709 168
238 173 1086 1098 15879 153
73 193 209 1195 20161 387
397 326 1134 1238 12045 480
85 123 1235 1329 14628 470
209 195 980 1326 9207 23
29 352 1181 1347 5213 356
310 383 662 1197 8087 296
382 277 730 1271 1300 455
75 338 256 1333 14355 441
195 210 1261 1418 10632 114
321 279 586 1315 15158 184
69 306 1043 1251 8884 24
30 232 1413 1423 26670 428
293 60 594 885 22527 18
39 316 458 1177 15835 37
375 356 914 1006 8552 30
93 22 475 626 11317 315
241 262 304 696 4247 143
300 269 53 1380 10447 424
353 133 1154 1366 13977 420
156 106 558 1061 13282 397
64 283 331 1437 10700 360
155 13 761 1150 12697 287
33 335 290 533 259 199
229 275 630 947 21436 194
127 82 773 798 19309 149
129 370 288 1439 13634 18
46 357 141 289 1350 448
157 37 727 1014 12527 343
282 242 710 939 21144 212
118 172 1364 1429 14480 426
285 173 1028 1297 25298 132
27 7 391 1188 10293 142
257 94 827 1375 23825 265
277 341 1083 1390 20545 367
296 63 713 1002 195 317
158 352 1043 1053 20521 17
114 145 512 711 1732 336
96 78 802 1328 19 437
76 113 102 943 5391 103
28 0 190 502 25608 390
26 204 451 1011 27185 424
252 210 1311 1421 12779 44
321 336 1053 1254 21122 329
61 235 1172 1369 23682 145
137 389 1324 1402 2739 333
328 367 1237 1256 13651 119
166 400 519 654 16182 199
42 172 1263 1357 10228 325
400 86 920 1227 16894 87
252 189 911 1189 10879 31
148 383 684 821 27011 477
351 41 1279 1364 6822 107
71 164 182 257 12041 140
380 25 528 705 23543 416
9 293 569 891 1158 40
117 76 999 1325 11878 145
282 295 1037 1379 3872 500
212 143 495 771 4508 207
189 356 1366 1413 12477 364
298 268 756 1278 12892 238
201 38 72 472 15500 162
85 265 24 878 22292 268
64 190 813 1298 1840 476
167 239 768 1388 26697 500
39 244 55 500 18666 489
73 194 456 1035 6220 159
319 153 158 387 26726 141
334 206 350 748 11800 20
135 219 1205 1406 12930 477
178 343 709 1361 24959 334
36 386 1377 1415 3384 287
397 71 16 1197 19990 305
6 137 215 237 19601 108
36 316 1420 1438 17003 415
242 324 1278 1341 11852 164
313 354 122 244 14485 416
139 147 455 1056 10399 454
170 374 1043 1187 21173 59
191 334 1309 1414 16131 478
204 48 1308 1382 17526 325
182 169 993 1033 20444 261
335 3 770 1160 20294 337
171 59 877 1378 13714 174
361 258 365 1156 9272 26
351 102 247 580 24707 53
387 269 119 617 23051 278
373 178 1187 1292 17133 352
187 112 573 1174 21958 19
275 170 1329 1412 17123 37
376 51 219 277 3055 146
30 371 1174 1295 26501 362
389 56 1193 1220 11365 346
152 176 1424 1438 10941 268
36 117 1001 1348 17921 268
310 70 557 1420 19939 134
242 5 1021 1425 12319 482
399 343 1363 1405 21913 249
9 215 1210 1249 21301 327
302 278 801 1219 7249 194
133 332 462 766 12300 301
302 252 298 1004 18552 150
14 200 309 873 16217 357
58 98 1431 1433 13959 99
289 270 443 1311 1115 444
386 341 806 1170 1734 132
347 365 360 1432 20451 433
188 362 1215 1344 7875 312
180 8 888 1144 9811 481
167 49 151 1433 23561 245
62 124 1233 1367 25568 183
256 289 648 1041 26985 265
113 260 534 870 19150 284
340 153 1326 1379 12079 346
57 239 997 1008 15471 307
349 121 409 1021 22390 149
36 140 781 814 17523 350
17 140 593 868 10594 268
264 316 237 1218 15715 103
81 173 244 471 3019 345
112 351 357 1300 10720 336
230 271 1437 1437 18853 451
30 127 645 871 2874 140