53
168 169 487 692 93 276
147 371 25 192 1688 170
373 284 387 719 2550 934
207 367 86 966 1437 328
174 289 96 280 1417 275
57 372 487 533 1646 330
207 152 908 1163 1023 569
160 50 11 238 1872 236
35 293 355 1243 287 273
110 259 257 779 1546 214
20 91 1377 1398 122 135
145 390 370 429 1429 1184
9 297 592 1214 126 312
137 24 443 857 873 252
73 27 230 651 199 491
147 76 574 826 1288 79
89 35 96 1287 2303 557
258 364 1132 1437 1822 305
292 366 529 1013 2371 561
140 305 705 812 2842 216
304 384 118 165 1864 247
203 211 0 120 100 200
145 301 9 67 2493 1330
331 359 96 885 758 201
261 83 30 795 2640 314
307 396 330 426 1083 273
193 378 626 968 1183 260
230 275 1200 1300 12000 100
138 367 116 332 100 654
191 296 139 305 501 63
368 325 60 181 1344 285
204 213 1400 1440 1200 10
276 187 535 802 92 592
276 74 91 702 1324 646
391 35 252 1283 933 162
75 270 832 1046 128 340
218 7 324 1314 857 80
105 261 29 147 782 327
128 267 1423 1424 2625 1119
193 198 26 235 862 120
360 23 427 518 1963 647
87 336 742 1248 942 63
276 265 426 685 2744 1167
164 158 59 1331 2724 194
383 245 326 760 2062 187
151 260 814 824 255 1194
394 128 33 1319 2950 288
269 275 324 393 2480 57
252 117 122 953 2265 392
103 19 271 523 1779 299
44 37 874 972 520 242
64 341 14 1022 2693 17
148 41 327 859 2262 705