51
21 363 480 860 351 273
88 322 542 740 2556 14
273 240 933 1216 1484 40
309 366 256 904 279 551
325 198 120 135 1351 978
7 295 646 710 1440 177
189 239 114 1133 2448 112
185 336 48 599 281 61
106 387 866 1281 2752 203
16 240 171 280 577 174
276 223 67 75 426 331
11 196 64 323 980 55
30 137 143 504 2627 275
166 274 24 487 2640 177
293 68 175 293 1422 317
201 205 700 705 9000 400
373 58 98 106 2257 336
201 245 321 1380 1481 292
320 28 714 1041 1299 957
142 315 41 74 2411 1148
98 390 703 835 1050 36
0 369 434 450 2616 542
44 254 170 378 1433 619
291 84 26 67 124 190
191 23 522 545 2617 106
279 297 357 520 427 986
281 61 389 594 2672 149
321 336 46 312 2821 321
127 240 76 1062 1933 295
331 281 428 871 1458 423
309 57 240 276 1488 449
293 94 531 580 1728 934
211 155 453 634 1648 171
104 62 138 1437 740 476
224 269 440 671 2561 1067
86 370 220 235 2461 102
390 349 476 991 1526 221
387 341 382 783 2052 233
170 268 937 1349 1693 294
314 199 67 124 2059 1213
199 53 84 114 1150 232
168 165 9 14 1566 1402
339 243 222 405 794 496
113 294 158 1238 598 1221
305 359 959 1394 387 206
392 14 836 1414 1210 1146
246 354 318 457 2727 320
86 128 173 936 1780 86
79 292 128 520 661 247
265 343 75 941 228 173
387 114 403 846 2262 920