175
201 343 245 1223 1787 514
266 255 83 103 1075 376
308 231 57 1428 1522 220
354 337 340 872 1462 38
331 380 157 272 358 121
352 355 398 969 1850 177
299 262 795 1045 1446 103
314 328 77 368 645 1214
392 254 559 1273 1977 108
218 351 560 671 658 385
288 298 199 448 179 1400
353 353 60 330 1207 191
380 321 1085 1425 171 246
316 330 964 1297 651 145
319 300 642 1026 1804 210
332 261 146 472 278 151
229 285 669 1242 261 254
376 387 1253 1405 672 1286
204 335 0 5 293 275
232 283 838 1021 1255 301
353 374 329 543 1239 669
371 364 365 457 345 177
345 342 503 989 1574 289
280 259 12 36 1234 174
308 363 1111 1238 1536 208
258 245 253 291 1979 108
289 337 1016 1115 1776 239
290 348 266 1026 1890 316
242 317 84 334 1581 69
303 265 46 434 659 688
344 387 104 220 1620 125
269 385 79 79 100 168
329 302 279 823 1034 1159
383 325 327 1144 156 30
203 379 351 373 903 191
336 203 752 1028 1574 1200
398 288 1179 1181 851 651
263 228 894 959 1139 385
233 277 494 535 1752 716
265 279 783 1126 1875 1021
228 392 13 83 1355 287
307 255 51 703 1009 617
303 294 321 619 1871 58
331 244 348 385 1390 660
253 326 594 766 1582 199
360 347 317 1399 1909 380
334 219 232 515 667 368
383 349 730 1038 1849 429
290 383 40 98 556 678
205 366 201 262 1848 185
304 213 675 1419 1373 26
400 339 456 571 949 561
264 343 423 481 1887 578
367 345 1039 1096 1500 19
335 309 544 644 1051 743
342 218 53 735 1108 373
225 376 384 1143 1463 368
300 392 845 981 1405 24
273 240 743 1306 744 1148
348 324 84 853 830 302
400 235 151 809 981 216
286 285 501 502 1277 230
373 393 55 152 630 100
311 258 22 215 1273 1399
234 284 43 73 1814 379
363 368 16 239 681 654
206 324 878 1098 1649 291
229 340 642 756 1139 159
377 278 58 740 1991 342
255 201 92 347 1548 132
252 291 36 279 289 250
351 321 859 1062 179 1323
365 357 671 1296 1914 172
337 267 284 461 1757 164
278 387 18 1138 317 181
209 380 107 360 418 171
368 225 140 223 707 725
371 329 94 604 1869 342
333 292 7 51 517 316
286 209 686 1273 1580 269
235 379 433 1183 1727 371
366 371 108 284 1556 712
267 343 371 658 1708 377
352 305 963 1026 680 246
308 239 224 852 509 67
279 323 720 1064 1625 973
279 209 25 563 451 267
398 342 167 305 1940 424
369 340 1217 1290 572 134
202 252 90 725 1818 1438
227 311 341 441 1173 45
219 200 391 1151 158 101
202 382 483 1208 184 381
370 315 81 82 1188 315
335 209 50 104 1663 101
208 269 293 391 534 194
313 207 138 522 481 417
393 207 714 746 857 33
231 334 4 13 1509 119
210 264 274 458 779 198
233 325 851 1362 1251 319
289 290 573 623 1135 908
205 384 25 74 599 220
307 357 697 1215 1833 377
237 223 61 480 241 137
367 359 10 1004 607 646
311 290 921 971 558 241
246 369 535 617 1260 145
291 368 731 1154 1987 515
350 261 22 634 319 256
314 244 187 227 312 294
370 352 906 1082 617 756
286 314 709 1021 1383 343
353 314 292 1270 225 326
310 248 72 524 1987 1074
232 203 60 689 1723 329
300 245 287 782 1234 29
212 374 239 339 218 136
399 265 526 1268 1737 385
249 368 47 779 126 273
397 391 743 837 1556 151
349 280 513 1002 1508 602
369 298 1028 1344 1012 252
225 318 253 314 1993 185
311 315 231 933 281 540
347 326 156 813 1248 290
373 292 89 121 1789 358
352 321 16 44 993 38
321 221 1085 1420 890 702
223 229 214 1245 284 126
239 219 97 536 519 1034
393 306 863 1372 1886 268
290 279 476 1011 1042 258
321 304 255 364 1429 835
316 236 893 1109 1823 100
284 359 620 897 786 364
355 348 189 1229 975 105
373 355 407 740 139 310
255 315 246 507 1096 789
312 293 1240 1347 1484 260
261 382 252 386 1574 308
246 375 688 1113 1170 124
359 287 39 100 1999 343
351 238 4 44 647 307
327 310 1 100 1031 100
243 230 332 344 1185 346
353 313 76 348 1807 757
395 231 999 1160 131 187
345 312 6 222 219 778
254 229 68 315 804 51
306 336 21 57 1968 203
201 383 669 768 223 154
310 223 12 14 1542 376
370 262 470 1316 300 135
214 372 309 670 375 162
370 277 222 297 355 111
269 219 275 958 692 17
350 326 132 319 1004 11
271 221 1139 1350 412 134
294 242 1129 1294 1497 226
326 230 120 159 988 18
298 274 613 1280 1813 699
221 202 249 758 467 590
296 351 713 1322 137 305
221 259 153 205 1842 125
269 395 114 569 1632 696
224 340 548 1426 141 981
332 391 250 713 1651 223
342 327 558 798 318 164
379 331 396 1036 1442 911
388 215 148 1322 1625 185
209 255 1144 1373 821 327
255 323 165 962 1678 167
203 307 25 76 1777 71
365 364 114 1060 1993 713