175
282 293 368 540 664 148
397 256 426 1119 1393 154
321 283 656 1238 580 480
371 213 19 1204 1691 64
244 261 1 534 1521 172
352 341 159 596 1042 376
390 302 165 305 1315 741
326 213 1185 1363 1036 337
230 253 91 304 505 39
312 322 253 791 1303 325
286 310 199 260 1183 1312
386 200 689 1120 931 175
213 249 407 627 188 687
368 269 95 335 813 113
360 258 359 560 187 227
334 313 447 668 605 408
393 345 207 794 970 816
324 212 12 206 791 178
226 396 49 52 1537 409
298 247 736 855 850 87
238 228 148 750 1544 786
287 299 1023 1295 1438 438
316 258 512 968 737 662
302 335 0 27 255 135
245 304 225 501 299 799
305 238 50 446 611 280
365 225 285 996 1798 165
304 374 21 273 1183 272
258 358 81 312 1855 794
255 281 12 1440 1631 677
288 235 424 1220 1619 292
272 278 32 250 248 155
323 204 298 486 1889 731
318 278 5 23 1756 1145
244 335 155 665 1689 1164
328 221 614 979 139 111
385 265 249 840 1365 317
286 259 579 704 516 270
290 359 25 70 334 189
326 200 849 963 1925 236
331 394 365 483 696 329
387 289 337 398 1184 1435
325 283 186 485 428 1190
244 301 516 894 1179 399
367 204 214 338 1247 805
324 211 1059 1074 1536 797
208 307 54 1335 1015 545
297 260 308 710 1093 122
348 241 121 370 411 369
226 339 43 1188 1122 69
267 273 245 1179 1368 346
302 234 1309 1393 512 405
366 233 605 883 1808 387
385 398 234 334 691 331
299 219 121 207 452 291
335 219 113 908 682 1030
389 368 336 478 1102 290
237 255 187 495 182 108
275 294 264 1419 845 296
387 339 520 670 1282 148
212 203 177 478 1519 5
250 400 1058 1126 751 618
209 288 198 1237 936 665
249 352 157 308 653 1042
391 343 44 124 1597 367
352 209 70 117 1768 458
282 226 154 851 110 730
388 201 0 9 1914 382
304 399 285 358 801 536
377 347 634 1163 1952 358
201 205 31 110 979 543
206 212 559 1112 1936 254
395 216 401 1218 1710 363
303 359 3 55 270 1429
244 226 378 479 1314 1335
211 361 48 159 1469 31
335 342 19 377 356 366
299 210 253 770 1366 1054
230 232 704 780 1109 452
200 268 90 329 1595 217
370 333 74 390 867 97
256 367 421 1146 385 1177
397 299 171 233 807 341
330 265 31 1172 1730 174
293 392 394 547 576 430
346 257 51 1372 1831 240
351 241 385 894 1314 217
302 373 198 306 1398 110
366 271 385 935 652 168
368 356 358 554 780 774
289 381 174 540 287 192
372 269 100 1171 1344 38
374 251 542 787 1247 238
224 342 431 968 1759 766
351 293 216 702 238 769
309 340 87 271 1753 250
246 286 912 1066 181 440
303 252 398 455 780 27
357 384 582 819 1947 330
287 335 689 864 1616 1438
384 400 560 1124 113 265
218 343 944 1251 1029 237
308 363 186 232 1869 977
302 321 206 207 855 459
352 347 186 717 1225 37
310 212 91 809 1406 1157
338 292 1081 1167 100 185
238 320 106 1142 1216 201
332 305 1094 1418 1072 664
297 396 111 496 937 114
244 236 178 947 736 445
292 294 7 8 1946 1211
387 355 136 187 111 1330
358 363 119 223 1905 11
347 386 593 927 442 478
308 374 38 236 1976 162
259 227 697 868 1276 191
254 265 99 643 121 66
355 250 161 329 1620 169
285 270 88 255 1365 623
216 221 28 47 1776 255
260 262 484 1403 1712 551
309 309 749 1050 662 331
390 336 447 740 538 202
233 272 12 1043 1310 1096
296 289 84 113 1672 681
260 230 1 11 437 620
284 226 747 1040 1162 191
270 354 120 370 191 8
252 251 640 949 856 116
288 246 251 746 1047 1039
374 230 623 702 1562 264
367 394 613 863 454 242
344 209 591 646 1059 610
319 335 714 820 1964 364
277 262 395 608 1131 494
290 363 65 675 1721 157
230 333 210 860 428 1126
241 367 89 512 1693 1396
308 388 543 647 648 601
303 261 200 415 1673 522
293 247 12 1014 1797 134
249 360 259 488 1940 120
255 235 478 1173 1847 149
376 359 1158 1315 1275 860
251 224 105 790 1462 1064
225 261 630 695 1145 395
281 312 368 745 226 109
291 349 402 452 1973 279
216 276 558 735 797 322
263 337 12 162 1737 169
241 274 96 173 1835 328
306 392 908 965 765 139
223 333 48 1041 235 401
372 302 22 1323 214 613
377 227 346 1133 1679 319
371 247 967 1314 1347 117
231 226 386 1055 1480 1411
241 327 1044 1353 962 614
379 252 387 555 399 550
291 311 49 227 1436 1339
343 226 679 1319 943 1012
232 263 589 1346 1458 392
353 259 241 250 846 473
388 230 7 23 625 110
218 212 9 310 1849 317
392 361 765 1385 1655 1043
252 226 318 1246 1513 374
394 322 814 925 1689 560
293 368 553 1363 1514 277
394 333 117 165 386 505
213 246 299 366 1765 74
348 275 189 488 2000 189
394 362 5 123 1324 153
367 334 135 1380 422 310