176
365 369 0 1440 100 5
257 279 0 1440 100 5
323 387 0 1440 100 5
328 241 0 1440 100 5
268 311 0 1440 100 5
203 291 0 1440 100 5
308 211 0 1440 100 5
256 384 0 1440 100 5
348 222 0 1440 100 5
231 337 0 1440 100 5
378 281 0 1440 100 5
281 357 0 1440 100 5
365 290 0 1440 100 5
331 313 0 1440 100 5
340 281 0 1440 100 5
390 259 0 1440 100 5
335 300 0 1440 100 5
292 202 0 1440 100 5
271 208 0 1440 100 5
336 284 0 1440 100 5
258 237 0 1440 100 5
291 277 0 1440 100 5
313 397 0 1440 100 5
221 389 0 1440 100 5
241 382 0 1440 100 5
294 390 0 1440 100 5
250 316 0 1440 100 5
202 297 0 1440 100 5
392 351 0 1440 100 5
272 245 0 1440 100 5
247 224 0 1440 100 5
357 375 0 1440 100 5
269 381 0 1440 100 5
210 259 0 1440 100 5
200 374 0 1440 100 5
371 219 0 1440 100 5
330 397 0 1440 100 5
211 213 0 1440 100 5
204 368 0 1440 100 5
318 255 0 1440 100 5
250 263 0 1440 100 5
348 325 0 1440 100 5
364 260 0 1440 100 5
257 362 0 1440 100 5
399 368 0 1440 100 5
267 379 0 1440 100 5
310 237 0 1440 100 5
268 352 0 1440 100 5
328 245 0 1440 100 5
248 253 0 1440 100 5
232 225 0 1440 100 5
342 217 0 1440 100 5
216 278 0 1440 100 5
256 278 0 1440 100 5
361 374 0 1440 100 5
267 221 0 1440 100 5
384 396 0 1440 100 5
366 308 0 1440 100 5
350 292 0 1440 100 5
236 384 0 1440 100 5
284 319 0 1440 100 5
354 210 0 1440 100 5
288 221 0 1440 100 5
372 251 0 1440 100 5
277 247 0 1440 100 5
310 285 0 1440 100 5
279 347 0 1440 100 5
253 328 0 1440 100 5
338 226 0 1440 100 5
357 252 0 1440 100 5
249 344 0 1440 100 5
296 308 0 1440 100 5
287 278 0 1440 100 5
243 301 0 1440 100 5
294 394 0 1440 100 5
254 342 0 1440 100 5
318 384 0 1440 100 5
359 253 0 1440 100 5
272 316 0 1440 100 5
320 399 0 1440 100 5
218 298 0 1440 100 5
392 243 0 1440 100 5
283 309 0 1440 100 5
362 207 0 1440 100 5
311 283 0 1440 100 5
393 272 0 1440 100 5
322 389 0 1440 100 5
322 361 0 1440 100 5
201 365 0 1440 100 5
294 388 0 1440 100 5
255 204 0 1440 100 5
370 334 0 1440 100 5
360 254 0 1440 100 5
288 294 0 1440 100 5
242 234 0 1440 100 5
329 396 0 1440 100 5
202 266 0 1440 100 5
250 394 0 1440 100 5
239 350 0 1440 100 5
216 315 0 1440 100 5
228 213 0 1440 100 5
334 383 0 1440 100 5
218 374 0 1440 100 5
354 331 0 1440 100 5
216 363 0 1440 100 5
201 342 0 1440 100 5
388 320 0 1440 100 5
400 234 0 1440 100 5
289 221 0 1440 100 5
290 368 0 1440 100 5
295 394 0 1440 100 5
253 232 0 1440 100 5
385 348 0 1440 100 5
221 221 0 1440 100 5
248 270 0 1440 100 5
350 287 0 1440 100 5
297 240 0 1440 100 5
341 206 0 1440 100 5
276 291 0 1440 100 5
314 262 0 1440 100 5
227 265 0 1440 100 5
294 331 0 1440 100 5
318 378 0 1440 100 5
326 376 0 1440 100 5
360 371 0 1440 100 5
243 242 0 1440 100 5
311 293 0 1440 100 5
220 324 0 1440 100 5
400 286 0 1440 100 5
209 272 0 1440 100 5
310 346 0 1440 100 5
278 363 0 1440 100 5
345 203 0 1440 100 5
290 347 0 1440 100 5
327 290 0 1440 100 5
320 294 0 1440 100 5
296 246 0 1440 100 5
245 277 0 1440 100 5
239 289 0 1440 100 5
391 360 0 1440 100 5
239 203 0 1440 100 5
376 251 0 1440 100 5
255 302 0 1440 100 5
254 330 0 1440 100 5
307 210 0 1440 100 5
392 352 0 1440 100 5
366 311 0 1440 100 5
252 216 0 1440 100 5
328 352 0 1440 100 5
277 246 0 1440 100 5
331 324 0 1440 100 5
219 235 0 1440 100 5
355 251 0 1440 100 5
241 331 0 1440 100 5
398 304 0 1440 100 5
283 221 0 1440 100 5
204 323 0 1440 100 5
298 307 0 1440 100 5
220 377 0 1440 100 5
215 233 0 1440 100 5
273 318 0 1440 100 5
301 390 0 1440 100 5
270 385 0 1440 100 5
257 297 0 1440 100 5
340 395 0 1440 100 5
304 275 0 1440 100 5
392 293 0 1440 100 5
336 363 0 1440 100 5
374 326 0 1440 100 5
358 281 0 1440 100 5
323 328 0 1440 100 5
285 261 0 1440 100 5
249 269 0 1440 100 5
351 302 0 1440 100 5
310 391 0 1440 100 5
0 0 0 1440 17499 870