46
235 355 49 60 60 231
119 268 375 604 300 447
140 29 121 361 21 215
0 0 600 1200 10000 600
327 174 8 21 636 397
90 377 25 824 595 400
2 91 132 141 294 159
232 28 84 1304 260 529
111 338 9 39 760 1265
301 389 0 1300 16000 1000
103 107 11 28 927 428
115 383 134 401 714 139
40 96 909 965 952 240
385 10 4 95 968 773
28 265 653 849 569 184
307 182 11 20 339 170
394 341 919 1383 949 1152
279 241 504 969 138 179
28 189 251 489 158 1256
332 77 16 316 874 203
215 238 1032 1383 622 194
24 398 40 42 4000 100
103 22 504 719 424 1411
85 242 289 1052 590 1220
372 0 165 828 344 297
96 363 467 1420 656 50
97 96 224 252 815 489
315 388 900 1440 2000 400
306 361 959 1226 552 138
238 340 461 959 630 19
65 162 470 1182 203 222
240 86 325 533 374 415
201 210 1380 1440 3000 40
364 131 417 825 652 729
264 359 628 699 9 268
161 17 265 407 947 1193
400 400 0 200 20000 50
49 0 379 609 204 187
182 384 65 492 857 257
237 192 79 460 321 384
145 142 335 516 948 661
162 20 250 412 613 250
296 98 571 621 140 224
145 74 926 1082 816 26
50 152 197 450 29 232
286 54 182 1425 258 198