25
208 187 1075 1083 351 22
400 0 285 286 900 600
59 295 327 343 92 89 
194 134 164 169 290 267
226 169 401 404 541 113
197 199 0 30 434 481
222 49 706 707 4 1
96 86 1013 1218 92 68 
240 185 317 321 93 58
225 193 202 209 285 93
183 171 877 892 247 165
201 240 677 681 289 121
101 312 492 512 38 53 
217 234 585 591 380 76
55 131 1202 1311 348 56
117 282 1192 1231 62 92
0 0 0 10 691 721
51 92 1012 1088 83 35 
83 115 801 917 123 79 
37 3 1163 1205 51 77
78 339 191 215 438 103 
217 234 31 43 111 65
89 281 551 585 193 37 
237 211 132 137 327 47
112 107 799 831 82 62 