60
343 181 940 941 5 1
284 35 1231 1393 25 45
289 15 530 531 4 1
10 391 616 619 439 94 
194 109 210 215 229 315
293 336 1120 1277 26 45
69 63 1234 1239 270 364
10 55 332 1416 40 60
165 243 62 188 690 158 
357 246 138 143 279 290
0 400 285 286 900 600
233 381 265 293 2 4
205 196 0 19 135 228
196 185 1 28 417 475
187 199 0 37 90 300
83 396 1092 1093 5 1
279 344 925 926 4 1
0 0 285 286 900 600
385 127 1051 1417 40 72
78 87 473 1291 56 84
253 359 980 1344 73 117
101 95 990 1034 53 96
213 385 57 767 43 74
141 358 84 1172 47 80
49 82 1112 1438 433 136
166 140 324 507 15 23
185 213 3 28 372 485
94 290 661 662 3 1
362 91 941 1021 130 51
0 0 0 10 666 721
195 167 749 750 3 1
118 252 266 314 698 173 
213 198 3 30 448 479
219 183 0 31 375 440
209 215 0 42 122 244
199 261 259 281 410 257  
389 100 1293 1348 13 20
354 188 1159 1294 18 29
23 189 915 917 366 82 
72 213 642 647 200 355
193 346 348 1135 65 117
247 194 1266 1271 438 316
146 161 865 1356 54 98
195 202 0 26 61 299
198 211 2 31 438 442
78 270 208 947 53 96
390 203 971 972 3 1
400 0 285 286 900 600
250 0 1275 1280 111 16
392 373 31 1288 4 7
197 198 0 8 73 259
52 25 51 873 22 38
204 187 0 29 411 493
382 197 663 851 56 84
400 400 285 286 900 600
188 213 2 28 417 469
285 253 605 606 218 154
115 74 1437 1439 325 272
0 0 0 10 601 721
200 192 0 17 81 211