200
140 132 503 1090 1 2
216 208 0 34 80 246
146 148 417 1304 73 132
0 0 0 10 695 721
246 273 810 1014 38 69
74 105 335 722 32 1307
207 52 190 195 355 335
50 63 372 377 233 292
71 122 1122 1141 38 69
79 207 440 445 285 311
389 297 211 609 55 722
194 181 0 30 350 497
81 325 419 421 864 443
183 66 500 505 250 224
146 123 15 809 23 37
342 81 1232 1416 69 104
279 12 147 147 7 13
191 197 0 30 382 421
193 217 0 37 180 286
363 148 346 436 62 93
203 201 0 30 426 415
90 168 1 1237 41 74
92 2 783 784 4 1
289 366 1128 1132 14 1416
208 182 0 30 442 493
216 184 0 30 350 405
302 303 0 146 447 246 
44 278 797 963 47 80
236 135 899 904 373 353
356 180 102 1413 12 21
44 41 1026 1030 229 54 
400 0 285 286 900 600
232 56 426 952 13 727
202 202 0 7 193 271
18 399 114 1181 50 90
356 175 1164 1169 205 366
278 395 296 530 41 62
220 217 0 48 146 250
356 41 1026 1030 229 54 
356 359 1026 1030 229 54 
60 57 890 892 202 113
35 292 729 1126 9 15
17 28 1110 1114 231 78
203 201 0 13 157 259
299 104 630 631 3 1
97 393 1033 1234 62 112
199 218 1401 1419 27 44
189 186 0 39 128 276
110 352 1084 1294 5 9
202 201 0 41 146 265
0 0 0 10 608 721
58 226 1016 1021 223 354
215 200 0 30 378 425
136 328 187 192 236 385
196 202 0 10 118 279
72 37 1208 1249 32 58
45 380 1375 1380 305 342
196 191 0 19 137 227
98 303 0 146 446 246 
213 58 1130 1131 4 1
17 371 1327 1346 51 1352
6 148 1142 1437 68 123
98 97 0 146 447 246 
273 183 1161 1197 26 45
391 298 320 1034 67 121
192 92 508 509 5 1
202 200 0 7 173 273
361 79 466 467 5 1
3 57 391 1435 38 61
122 181 369 374 313 322
374 88 347 924 61 98
340 57 890 892 202 113
297 351 793 1019 74 134
365 238 784 1074 47 71
170 293 358 1323 13 21
340 343 890 892 202 113
32 399 907 1210 72 750
194 105 1064 1069 225 270
0 0 285 286 900 600
140 59 1074 1362 23 40
172 111 33 38 338 369
130 163 543 920 62 106
99 1 179 1009 50 90
352 280 1341 1357 23 37
208 201 0 17 104 283
274 342 539 1268 57 103
372 313 489 494 405 279
99 187 446 586 3 5
271 239 750 1198 48 72
383 372 1110 1114 231 78
73 292 1062 1072 24 39
190 207 0 30 410 437
16 78 285 290 363 288
230 344 790 1318 12 20
294 297 712 1283 22 33
44 359 1026 1030 429 54
375 250 746 865 37 67
316 40 1356 1414 34 55
48 270 787 832 18 29
22 87 1026 1031 330 248
104 95 177 1069 38 65
350 98 735 1033 34 55
34 11 178 871 2 3
135 123 1165 1377 17 29
175 256 26 31 301 386
362 294 1401 1406 378 372
81 75 419 421 865 443 
83 293 400 903 12 20
332 66 899 1312 21 38
366 199 984 1165 24 44
88 319 134 926 59 563
360 238 262 360 5 9
27 245 932 1045 22 38
266 263 1416 1436 57 92
214 388 525 1382 48 82
293 320 728 1108 48 1138
43 149 1086 1147 27 41
302 272 1358 1423 73 132
146 345 810 815 425 395
291 300 695 1195 51 92
126 55 666 973 62 93
0 0 0 10 614 721
386 98 263 966 37 60
260 176 1291 1371 68 116
156 95 277 1110 5 9
289 337 995 1236 23 42
199 200 0 3 95 232
238 380 1213 1275 64 103
380 91 958 1120 48 82
135 37 1158 1391 2 4
228 164 759 764 388 370
248 243 975 1354 46 69
312 108 1406 1423 7 213
64 56 62 721 31 50
73 83 708 1125 34 55
192 211 0 23 107 272
90 196 288 1172 62 93
314 28 1257 1262 335 227
192 202 0 38 139 287
209 62 1265 1387 39 71
17 191 1258 1263 287 393
183 183 0 50 89 250
66 314 828 1041 70 119
302 97 0 146 447 246 
129 250 673 1273 67 108
215 187 0 39 95 278
308 341 1295 1411 61 98
205 197 0 12 123 247
264 55 137 1138 28 51
337 265 652 653 4 1
319 75 419 421 865 443 
219 118 1180 1417 47 76
0 400 285 286 900 600
185 192 0 41 79 203
156 382 369 374 249 324
197 204 0 10 109 284
264 298 1008 1013 272 250
225 292 341 346 337 365
125 91 147 521 42 63
117 119 15 20 325 356
310 177 974 1388 75 120
229 81 1090 1095 248 242
17 372 1110 1114 531 78
311 19 204 558 66 99
247 185 1127 1219 29 47
400 400 285 286 900 600
208 205 0 30 362 494
190 203 0 43 68 239
204 197 0 30 364 459
167 187 944 949 424 272
211 184 0 37 180 234
194 202 0 24 188 218
231 37 1376 1409 33 50
23 248 1293 1410 54 98
210 249 307 480 10 17
200 200 0 2 119 224
56 52 643 699 60 108
163 336 868 873 399 395
199 206 0 16 188 233
310 230 1024 1075 74 134
28 152 369 874 56 90
201 200 0 3 99 285
191 193 0 34 150 289
383 28 1110 1114 231 78
8 111 359 425 55 99
169 99 823 1345 10 17
30 369 570 575 213 228
319 325 419 421 865 443 
122 145 748 777 74 111
293 124 1256 1380 9 15
203 200 0 9 170 218
350 297 1399 1409 14 961
371 159 950 1176 65 111
29 388 144 377 26 39
60 343 890 892 352 113
210 190 0 33 65 211
22 172 435 636 11 20
298 28 753 1115 19 832
187 198 0 30 410 431
390 48 914 998 60 102
