200
381 155 1354 1417 20 32
50 196 932 933 3 1
153 316 26 58 22 33
330 131 1421 1426 263 245
307 123 300 301 5 1
88 56 305 306 3 1
341 354 1407 1409 24 36
24 55 78 1015 60 108
229 396 420 957 61 104
23 204 657 1107 48 87
312 260 386 1034 28 45
202 188 0 30 434 491
201 240 677 681 289 121
117 152 1342 1347 202 274
181 217 0 30 381 461
156 164 381 568 36 65
293 146 117 122 366 312
184 198 0 30 386 490
174 42 354 732 22 38
179 181 536 759 70 105
243 370 1402 1424 48 72
157 113 553 1370 45 68
2 82 1380 1385 250 240
177 295 1076 1077 5 1
112 107 799 831 82 62 
196 186 0 30 395 444
272 245 364 369 357 379
148 87 655 860 38 57
362 237 730 731 5 1
175 200 94 945 51 87
8 329 38 239 7 13
122 55 452 453 5 1
211 182 0 30 391 468
254 274 304 1160 27 49
20 52 1000 1304 30 45
400 0 285 286 900 600
217 234 585 591 380 76
342 74 357 362 371 280
262 85 161 437 6 9
158 311 329 864 20 32
210 216 0 30 417 487
101 312 492 512 38 53 
397 121 67 72 385 274
247 101 85 227 11 20
160 185 893 898 413 230
187 193 0 30 395 435
129 47 1102 1107 30 48
318 57 107 909 27 41
358 60 963 1250 16 24
143 374 689 694 442 229
326 125 1202 1404 15 27
203 244 87 1176 4 7
96 86 1013 1218 92 68 
201 244 315 316 3 1
257 143 79 769 9 15
196 315 712 1390 36 65
229 214 1095 1096 5 1
165 82 760 1232 49 84
156 366 973 978 217 220
261 60 1256 1429 55 88
214 251 817 1369 6 10
187 59 156 549 12 20
308 335 442 1029 43 78
382 279 98 374 19 33
195 210 0 30 354 408
89 281 551 585 193 37 
35 304 1229 1381 3 6
275 112 596 1023 45 72
200 183 0 30 430 407
151 339 756 757 5 1
208 187 1075 1083 351 22
279 226 1323 1341 37 60
124 255 896 901 274 354
78 339 191 215 438 103 
0 0 0 10 673 721
256 249 1245 1438 58 87
59 295 327 343 92 89 
202 204 0 30 450 411
196 204 0 30 386 465
108 272 1426 1437 29 44
70 296 812 1033 56 90
400 400 285 286 900 600
217 234 31 43 111 65
49 45 982 1157 50 85
130 60 737 1335 47 85
396 107 1308 1364 18 31
157 131 1438 1439 3 6
44 397 847 848 5 1
9 292 210 1059 55 94
144 265 1189 1370 25 45
10 217 1017 1022 242 288
65 41 1334 1359 34 55
327 259 298 609 6 9
169 148 1341 1392 45 72
237 278 1121 1220 9 14
202 202 150 1283 49 74
51 92 1012 1088 83 35 
237 211 132 137 327 47
198 180 0 30 380 416
198 357 760 938 6 10
12 126 1068 1098 53 96
102 383 1295 1300 312 396
137 20 867 1001 4 7
76 396 235 252 45 72
260 361 569 648 37 63
219 214 0 30 430 495
0 0 285 286 900 600
203 259 609 906 37 60
388 347 184 1161 4 6
2 349 603 608 252 267
212 217 0 30 355 407
302 277 369 481 23 35
367 199 277 1306 16 24
195 202 0 30 353 409
192 109 1115 1132 66 106
109 338 309 329 9 16
229 10 1117 1397 51 87
369 201 916 921 215 285
269 112 409 414 275 393
42 300 303 1142 39 63
184 203 0 30 371 497
0 59 1112 1326 31 53
238 382 667 906 56 84
318 36 769 957 61 92
0 0 0 10 663 721
326 209 518 640 52 94
240 185 317 321 93 58
210 191 0 30 444 497
225 193 202 209 285 93
25 0 20 771 11 17
226 169 401 404 541 113
32 72 13 1323 33 60
355 37 304 1174 66 99
183 194 0 30 445 443
64 1 1115 1120 229 377
293 238 600 601 3 1
189 189 0 30 423 420
17 99 859 1270 67 121
55 131 1202 1311 348 56 
333 353 1341 1359 62 112
233 287 1129 1188 42 72
205 181 0 30 402 471
331 0 866 1118 60 108
233 11 729 730 5 1
395 1 205 1134 24 39
259 223 914 930 31 47
313 355 260 697 27 41
202 206 0 30 404 487
320 249 551 1084 73 132
342 360 1281 1314 56 84
0 400 285 286 900 600
109 43 844 1388 8 12
398 351 1407 1412 228 326
98 258 1376 1427 5 8
128 73 848 853 294 247
271 145 617 1054 22 33
177 208 817 1345 34 55
9 389 701 1262 24 41
265 25 799 978 55 94
66 272 479 480 3 1
28 223 1331 1391 1 2
83 115 801 917 123 79 
180 198 0 30 410 438
139 324 268 273 437 397
0 0 0 10 673 721
323 234 857 858 3 1
217 208 0 30 434 467
302 175 556 1333 57 103
117 282 1192 1231 62 92
211 298 329 870 26 47
250 176 1433 1439 18 27
51 4 437 442 380 368
188 192 0 30 433 431
196 217 0 30 397 460
217 185 0 30 415 446
362 76 1125 1126 5 1
329 303 1250 1404 74 119
33 75 1424 1427 10 17
269 134 405 1316 72 123
312 93 228 233 221 307
330 192 726 727 5 1
183 171 877 892 247 165
184 201 0 30 358 428
167 1 414 1157 29 44
159 27 915 1322 17 28
216 72 983 984 4 1
180 207 0 30 427 479
209 275 1235 1429 56 90
318 242 721 722 3 1
193 89 1226 1403 6 10
78 5 229 1190 20 34
180 216 0 30 420 411
318 137 107 112 404 341
386 294 774 779 242 262
166 371 77 82 333 271
56 119 614 1037 25 45
209 189 0 30 382 479
183 231 632 637 247 237
290 169 524 533 20 32
223 53 339 344 234 339