60
400 400 285 286 900 600
181 189 0 30 397 466
18 211 530 535 211 258
208 217 0 30 449 462
400 0 285 286 900 600
237 75 763 953 69 104
196 162 478 1319 17 28
172 134 646 647 3 1
96 86 1013 1218 543 68
400 300 865 1432 36 54
60 98 957 980 64 96
76 314 911 927 381 56
27 188 874 1272 26 47
170 195 1226 1440 20 34
328 232 91 96 241 267
0 0 0 10 648 721
71 304 914 1334 56 101
101 312 492 512 321 53 
8 200 858 859 4 1
183 214 0 30 369 402
271 103 1326 1386 2 4
317 386 791 796 412 305
0 400 285 286 900 600
319 221 1217 1250 423 77
0 0 285 286 900 600
59 295 327 343 224 89 
287 375 1002 1438 63 101
197 202 0 30 400 461
218 101 457 478 491 92
113 316 1432 1437 368 256
66 131 921 926 413 300
51 92 1012 1088 284 35 
363 218 479 480 3 1
112 107 799 831 178 62 
138 369 1410 1416 12 21
352 63 975 1158 15 23
66 209 497 677 31 53
373 152 986 1175 53 80
55 131 1202 1311 219 56 
89 281 551 585 271 37
157 377 52 57 377 369
25 126 191 1005 47 71
83 115 801 917 168 79 
58 288 748 1431 1 2
118 107 785 786 3 1
184 182 0 30 388 478
72 175 612 650 44 71
247 399 1099 1132 37 63
353 315 1192 1197 388 366
78 339 191 215 169 103 
14 289 717 722 288 390
347 312 37 187 530 143
100 45 1294 1366 24 44
192 207 0 30 377 481
91 247 8 234 38 65
229 143 739 740 3 1
217 189 0 30 386 487
378 48 684 1377 68 116
155 360 40 197 1 2
0 0 0 10 629 721