200
128 178 1219 1424 21 32
85 186 397 1192 9 14
203 203 0 9 86 241
29 276 860 865 411 337
387 312 752 757 225 310
220 167 1325 1343 407 64 
71 163 67 539 56 84
144 219 1218 1223 202 234
314 286 1425 1430 401 294
155 137 582 689 44 75
347 100 661 1239 50 80
397 382 407 408 5 1
51 93 957 1096 18 29
313 148 988 1331 19 29
167 216 318 319 4 1
218 220 2 30 355 464
292 154 1032 1037 390 253
14 190 410 817 72 123
209 209 1 29 401 422
122 49 908 1103 2 4
215 204 1 30 361 414
162 79 901 1001 568 141
217 213 2 29 394 456
3 375 733 738 372 362
375 332 447 448 3 1
213 181 3 33 425 467
192 193 0 25 109 252
146 163 1001 1016 18 33
72 215 523 1063 4 8
200 198 0 5 200 285
38 275 417 418 4 1
221 119 1208 1213 259 386
46 256 852 857 362 311
361 67 643 648 255 244
344 52 1367 1379 8 15
29 358 776 1291 46 79
283 145 971 972 5 1
185 203 0 31 395 411
124 187 504 509 344 347
221 183 0 49 199 205
35 100 464 1205 52 78
231 231 369 374 329 266
211 218 1 28 367 423
38 316 1157 1367 48 77
68 346 794 838 1 2
72 52 1386 1411 50 90
111 193 756 816 71 121
335 238 1139 1186 34 55
92 256 582 583 509 128
279 254 1014 1240 16 26
205 218 0 40 56 232
128 363 285 395 61 104
0 0 0 10 697 721
134 230 901 906 298 342
75 391 693 694 5 1
323 122 1186 1318 49 84
274 156 619 1030 20 34
352 226 398 985 60 96
229 48 974 1016 28 45
363 255 767 772 299 377
328 81 1332 1337 317 220
234 81 1297 1396 32 55
63 97 111 489 14 21
213 202 3 31 358 444
131 320 391 392 5 1
99 223 731 1297 49 89
164 120 66 387 18 29
334 319 682 683 5 1
110 93 487 1130 38 57
397 396 1092 1093 3 1
0 0 0 10 630 721
195 196 0 39 151 265
324 280 586 591 325 328
400 400 285 286 900 600
29 290 565 566 3 1
203 193 0 31 355 447
213 201 2 28 368 413
219 186 0 32 446 445
181 211 2 32 446 403
186 82 1043 1048 320 334
0 0 285 286 900 600
268 152 424 860 24 44
36 66 1432 1439 46 83
290 342 416 417 5 1
297 85 665 670 409 343
303 329 581 582 4 1
189 203 0 33 108 287
393 228 733 1006 72 130
204 201 3 28 381 428
236 354 906 996 49 79
189 325 482 970 7 13
333 88 1013 1014 4 1
175 249 156 808 39 59
206 118 439 440 5 1
0 0 0 10 628 721
325 72 374 375 5 1
29 169 1418 1427 36 54
278 223 450 1150 71 107
282 175 1302 1325 50 80
358 96 785 1418 44 71
399 399 702 704 830 400
384 149 289 561 25 40
199 207 0 22 86 253
361 124 270 1236 66 99
201 202 0 7 98 256
196 197 0 17 138 212
400 227 416 518 9 14
322 315 368 461 43 78
202 184 2 31 414 402
296 362 402 1123 35 56
396 400 481 482 300 200
215 185 2 28 360 433
0 312 716 721 203 395
269 129 1137 1142 391 365
255 391 202 254 429 167 
218 192 2 29 372 454
198 386 703 704 3 1
364 211 347 1307 47 76
174 391 827 832 356 382
210 186 0 32 384 443
189 212 3 28 355 451
199 187 746 1250 17 31
45 49 845 846 3 1
159 381 150 723 32 48
311 334 834 835 4 1
0 400 285 286 900 600
304 65 342 347 200 240
356 343 1053 1365 63 95
297 123 1085 1154 70 126
355 154 824 825 3 1
56 318 332 1098 16 29
219 209 0 29 420 414
395 384 955 960 391 335
61 353 144 1023 17 28
0 0 0 10 630 721
237 208 1135 1333 74 126
400 0 285 286 900 600
33 168 944 945 5 1
109 202 931 932 5 1
257 285 995 996 4 1
71 73 267 1323 44 66
190 218 0 38 96 201
125 258 417 778 59 107
216 189 1 33 413 408
297 370 1181 1248 21 32
173 118 1130 1277 15 26
211 352 1165 1170 311 338
259 262 166 171 293 237
347 223 647 1125 43 69
188 181 0 29 411 440
1 19 690 934 10 18
261 124 1152 1439 421 112 
186 207 1 29 449 430
229 171 907 912 203 224
171 362 1127 1132 240 277
32 264 1202 1261 3 6
316 328 142 147 325 383
223 191 1016 1029 45 77
219 198 2 32 377 419
194 192 2 33 378 470
160 183 466 467 4 1
332 306 680 681 3 1
148 3 1057 1326 50 85
201 183 0 32 419 441
378 194 1276 1281 309 301
36 65 236 436 51 92
164 124 1031 1032 5 1
77 46 744 1298 2 4
13 105 1037 1374 50 85
287 357 276 476 20 36
30 169 241 318 72 130
200 200 1410 1439 42 9 
212 207 0 37 106 230
192 204 0 22 87 248
190 185 0 42 155 265
188 205 0 30 193 238
394 174 982 1253 18 29
45 34 343 1232 57 92
388 10 142 243 35 53
2 107 252 257 375 341
108 315 843 848 205 359
191 170 436 1011 48 72
62 91 292 297 410 398
200 207 433 1332 38 57
193 200 0 43 68 297
281 318 1284 1289 440 328
190 202 0 22 76 212
206 204 0 16 176 231
118 302 720 721 5 1
251 170 1106 1178 13 24
149 19 1071 1072 5 1
116 208 52 672 3 5
259 260 705 740 58 99
392 363 962 967 208 255
326 63 991 1391 8 13
299 299 136 140 420 192
186 198 0 33 406 470
187 205 0 43 65 278
193 348 467 694 22 38
220 167 1343 1346 209 54