60
196 212 0 30 436 463
173 211 4 9 393 230
194 195 0 31 144 253
338 381 527 532 372 400
0 400 285 286 900 600
198 204 0 13 115 276
363 32 968 969 541 83 
125 55 7 12 449 304
0 0 285 286 900 600
364 12 1425 1430 258 309
357 108 197 693 22 36
268 17 1052 1432 9 164
201 209 0 30 407 474
0 0 0 10 665 721
26 183 300 301 3 1
0 0 0 10 678 721
201 167 1382 1383 550 23 
191 196 0 30 400 454
156 247 1086 1091 273 235
192 206 0 44 67 213
189 196 0 30 447 409
200 198 0 10 159 203
187 192 0 29 141 245
120 296 1034 1035 5 1
42 156 874 875 4 1
215 192 0 48 97 227
189 32 77 82 388 235
8 300 1009 1010 3 1
197 77 847 848 5 1
267 395 564 1120 51 77
385 40 505 506 5 1
23 31 248 253 428 223 
253 60 2 130 54 87
333 190 240 1392 24 39
326 261 1281 1286 327 263
39 124 1321 1363 29 1231
270 134 969 1235 38 69
41 76 1296 1301 294 348
201 200 0 4 85 294
194 192 0 25 147 268
0 0 0 10 605 721
165 239 587 592 319 353
189 199 0 30 414 492
400 400 285 286 900 600
192 210 0 30 413 445
211 218 0 30 363 401
386 202 1106 1214 64 116
202 48 1213 1215 398 49 
400 0 285 286 900 600
344 337 1149 1206 70 119
104 50 662 1375 68 116
239 347 335 472 6 11
295 203 386 391 370 365
213 188 0 37 154 221
190 184 0 30 394 404
204 207 0 26 164 247
367 365 692 866 40 64
389 28 839 841 731 102 
208 219 0 30 374 472
208 217 0 30 388 499