25
0 400 285 286 900 600
200 200 0 1 800 1200
400 340 715 800 350 95
400 400 285 286 900 600
0 0 285 286 900 600
360 200 1150 1440 400 125
100 100 50 250 300 155
200 210 0 30 350 400
320 380 380 401 300 120
180 160 10 46 500 100
280 220 50 750 50 75
240 250 120 560 40 60
40 260 895 901 540 255
340 220 1070 1250 150 55
300 360 220 300 250 130
210 200 0 30 375 425
375 25 900 901 6 1
20 20 550 1200 300 100
340 300 583 585 215 55
390 150 400 1000 45 60
180 300 900 1320 700 380
400 0 285 286 900 600
300 325 300 301 5 1
50 25 550 551 4 1
340 300 885 886 498 100