25
202 202 0 10 130 271
95 344 640 641 399 256
200 200 721 922 594 134
193 188 2 33 450 426
214 202 0 30 413 446
201 200 0 4 103 274
188 180 0 28 412 403
259 147 640 641 216 53 
130 260 196 490 6 11
378 124 367 372 326 397
0 400 285 286 900 600
382 201 1079 1440 279 63 
332 346 482 483 4 1
196 26 69 645 39 71
0 0 0 10 667 721
136 35 845 846 3 1
312 212 114 182 282 161 
259 342 172 177 445 291
210 198 0 34 114 220
132 292 375 381 370 185
268 25 1435 1435 67 114
170 220 35 60 440 211
1 399 1000 1001 420 122
318 212 1229 1235 465 91 
346 155 342 500 783 208