199
210 311 369 1082 14495 585
36 281 261 482 1473 449
17 228 300 609 25111 670
320 394 817 1341 2037 597
385 147 1420 1439 14043 703
343 129 736 1130 21878 247
348 168 1026 1320 18959 406
205 241 115 283 23282 19
117 84 880 1379 24946 414
65 353 529 1380 4998 120
396 254 608 972 4351 384
29 269 1255 1396 11289 90
312 391 1130 1380 2510 180
165 288 799 1189 6832 407
145 216 1169 1311 3296 280
342 393 1212 1404 26364 521
224 394 518 731 8721 374
181 85 295 1323 18031 237
232 399 418 898 24697 657
179 237 513 687 25482 163
352 216 321 681 17289 476
399 13 601 844 8510 230
83 16 1418 1418 3140 643
298 91 1052 1205 16819 227
147 331 224 1246 19516 402
170 45 395 1209 2959 577
71 276 1001 1088 7415 643
193 153 1254 1346 754 309
19 364 1164 1239 10100 635
399 250 884 1212 19699 372
156 12 1037 1316 15689 719
360 35 145 318 9188 28
390 213 176 1085 10027 171
264 221 335 1245 11317 675
58 4 761 1267 2702 593
131 192 656 937 17819 581
241 302 1146 1301 18497 97
370 262 581 1215 6749 284
44 187 693 901 3120 166
313 260 1399 1416 2422 658
153 254 922 1337 10233 653
212 341 1259 1385 8425 2
358 137 116 1377 12376 391
372 172 1062 1100 8985 95
60 197 1282 1327 19706 686
337 161 1063 1434 20939 412
202 71 645 847 1160 160
395 29 1080 1346 5522 305
98 191 1220 1275 7020 665
91 142 1207 1215 23278 669
72 99 15 1331 100 201
169 384 1213 1344 24630 122
212 166 587 872 23018 518
341 67 867 1324 2664 257
167 384 853 1009 365 637
214 338 306 658 24621 207
269 97 490 991 1125 302
245 184 660 813 11645 32
75 164 574 727 21145 697
94 100 478 599 19079 597
148 185 570 1221 6300 377
73 119 356 373 26469 563
263 76 838 1385 21751 542
264 398 377 642 25085 622
170 155 839 1229 10218 81
156 202 372 1051 17215 209
350 334 548 1367 22872 365
161 397 940 972 12740 490
316 79 304 1024 9441 584
141 333 1184 1282 21293 640
119 207 29 517 19543 4
210 324 1373 1387 18261 474
7 1 761 923 4514 482
55 17 848 1150 18770 317
33 351 1244 1424 9554 302
237 251 881 1016 18452 237
306 180 78 522 17532 240
358 95 1296 1300 13169 532
198 34 738 971 5463 484
169 215 417 1198 14439 324
84 242 1354 1421 6118 89
256 379 1321 1431 20983 571
371 220 1188 1313 13930 334
128 156 531 645 17671 118
248 45 1376 1413 970 650
83 322 567 926 6336 483
124 329 105 178 147 361
362 234 408 486 18860 376
151 344 1334 1397 12095 604
28 361 364 766 21657 618
380 263 995 1063 25081 469
358 213 640 1412 89 692
72 265 1051 1151 17302 321
381 34 533 618 5988 212
25 107 506 859 15689 12
156 273 1142 1262 2742 372
120 286 256 411 26877 377
206 303 313 1263 4987 387
216 83 435 708 22246 144
222 127 368 881 25885 613
19 320 541 543 7593 617
213 9 373 432 5859 521
283 184 301 1351 1322 168
288 224 902 1376 26152 284
336 191 590 1362 27200 579
118 90 386 488 1661 202
53 254 1373 1404 19367 658
126 96 955 1253 24994 111
218 324 629 944 8131 109
73 56 1374 1431 8633 391
288 147 152 818 10629 411
67 242 594 678 9492 11
397 119 753 1254 9174 601
264 187 803 1212 11784 534
267 127 38 1414 25166 345
12 399 67 1226 27032 413
314 31 1190 1209 2258 306
44 140 452 676 11190 13
3 149 1204 1329 5482 308
169 400 1072 1075 10434 593
343 241 1376 1418 22281 341
113 11 1353 1428 21840 301
329 367 995 1374 13947 142
56 269 556 1017 19429 182
156 115 861 1120 24339 78
96 364 787 1218 22677 30
136 127 135 828 17518 669
399 342 133 914 13474 110
0 369 1087 1145 13499 357
43 253 897 1340 20479 561
206 391 292 1408 2340 459
262 276 1268 1403 18605 147
149 310 259 527 12649 19
9 375 6 459 20217 230
319 230 514 1298 738 263
254 333 1415 1438 7319 464
280 272 1221 1252 11976 266
8 142 1389 1402 26744 272
70 148 389 1385 767 518
332 395 823 1127 14174 421
253 239 813 1188 23214 540
338 39 1231 1429 19048 210
297 280 897 1146 14449 570
54 302 1373 1423 10113 195
234 151 39 1424 15012 51
338 259 1312 1347 8321 333
116 4 16 1397 16446 511
12 371 707 1270 17383 255
244 298 1379 1397 2155 549
198 346 239 467 25888 211
320 42 664 1272 15721 222
67 279 1112 1413 1681 350
74 290 189 885 24189 333
72 288 843 923 2625 407
282 155 1424 1429 12715 481
143 181 1198 1323 9772 563
241 14 548 746 589 661
101 356 1247 1407 25137 328
150 127 1303 1412 9394 377
205 31 610 1438 21219 703
345 71 1362 1385 423 512
231 325 738 1294 19111 423
82 154 1202 1221 1507 567
161 392 915 1199 23281 231
76 79 1049 1430 2444 502
4 9 170 714 11508 610
71 100 972 980 25203 487
114 90 541 1050 8803 383
254 171 441 566 23558 188
213 319 1435 1438 8426 620
351 366 1356 1373 10536 138
316 210 715 1235 11771 253
134 246 1144 1427 4414 557
5 168 818 1420 1088 246
105 19 333 1344 17233 688
242 380 867 989 2737 380
165 115 1295 1378 17270 621
324 267 202 1006 20787 516
285 336 1083 1103 20424 459
344 233 1139 1343 17196 198
244 99 1065 1220 8041 269
266 102 10 1180 7237 535
43 395 227 309 25721 343
86 231 1278 1411 26330 375
40 212 416 1058 4930 102
249 149 3 502 23185 17
3 284 174 488 21360 465
41 87 1327 1393 18383 353
33 97 759 1425 19130 675
371 227 1314 1403 22104 451
74 362 557 1264 16369 319
233 4 1283 1386 4097 331
50 50 910 1347 12379 164
46 217 592 1102 14632 160
7 316 376 1214 12488 410
314 369 121 689 20062 511
133 283 1168 1221 13695 424
313 286 572 649 17391 316
232 282 1070 1293 9204 708