53
82 369 338 971 20213 605
360 184 895 969 17965 200
86 312 257 673 7054 339
307 232 290 529 22041 101
70 56 422 676 10078 267
139 213 530 1010 16392 423
80 20 1408 1430 18421 608
213 380 1233 1365 22493 449
128 292 530 961 9339 664
229 256 1275 1351 22786 200
336 184 480 1126 22471 561
85 265 639 1177 3003 533
320 213 1365 1374 20369 658
103 26 573 1124 12378 137
374 88 1120 1183 3063 23
354 150 492 979 10806 310
217 265 120 1164 18856 272
286 115 351 1070 1551 134
168 307 1313 1429 19380 151
241 187 1124 1199 21003 359
145 339 1402 1440 19309 387
8 129 797 880 19592 56
236 263 356 1231 26428 665
20 301 573 1198 24400 522
379 302 570 934 24426 187
37 243 743 1436 104 42
335 302 437 1232 8397 569
290 127 481 1006 2425 542
215 4 510 810 24403 311
178 258 1026 1304 4634 169
304 225 716 875 23139 379
211 345 708 1090 14714 364
106 342 943 1362 1453 438
275 370 377 1044 1085 125
303 295 894 1312 7638 386
396 60 1159 1311 6093 105
130 239 435 1417 10402 349
20 364 1064 1191 3891 429
173 56 1363 1369 17149 527
201 205 903 1413 7377 602
214 165 1271 1383 5025 27
203 23 171 1260 2510 421
187 400 374 417 27057 364
97 192 842 1253 23913 590
382 23 547 1327 11403 279
91 76 290 792 9214 700
305 383 503 964 10938 51
283 395 751 1298 654 416
235 224 71 1362 5158 526
192 265 393 1312 19947 557
391 67 1106 1418 8696 448
10 291 522 627 14537 52
151 2 445 827 25845 644