60
358 190 240 520 16442 206
142 104 1307 1367 3227 60
1 17 1353 1396 5060 718
359 120 821 1090 21276 481
120 257 1257 1389 11314 71
321 160 903 1097 18596 608
314 324 387 1372 19539 716
147 47 773 1372 5554 207
43 175 1041 1188 18496 289
5 82 151 637 6154 343
41 158 485 1143 9528 475
40 296 1410 1417 9072 73
87 255 661 1085 13377 505
369 46 485 562 15468 177
317 19 988 1016 22000 322
258 154 585 1272 12555 281
355 255 1116 1335 13134 438
319 122 305 934 22525 262
226 131 1214 1404 23532 27
186 348 1184 1322 9348 632
326 399 910 1377 24871 615
303 348 784 1360 3243 178
359 324 1060 1190 25211 510
28 140 1251 1303 12253 263
246 160 808 1345 7693 405
194 229 791 829 15555 654
25 291 461 938 8906 316
9 141 14 1074 17031 107
212 335 1001 1158 3277 386
334 132 413 454 4360 414
310 14 1099 1399 16892 98
33 344 1369 1423 7475 660
159 105 759 1415 25148 423
65 376 1322 1402 2441 619
26 292 1203 1223 12023 463
6 234 1056 1072 12142 75
87 23 912 1306 10841 143
213 294 1155 1395 20029 64
167 152 506 1082 20047 310
303 304 245 825 12034 650
339 392 1258 1289 11970 23
39 61 1096 1125 10528 451
101 84 1156 1228 11652 87
396 11 826 1338 22131 294
265 198 1154 1280 15161 49
164 163 89 711 7477 193
99 99 787 1307 22255 180
126 112 1369 1378 23658 440
88 267 403 1292 17673 291
150 305 1341 1384 17852 49
73 104 240 618 7892 659
234 211 141 705 1991 143
96 382 802 895 9081 706
34 33 945 983 25193 121
79 243 1275 1356 3252 155
24 54 405 916 25494 270
182 249 427 1156 6832 557
347 270 834 1334 467 349
278 76 207 1057 12195 463
194 21 636 1110 8162 131