150
308 57 562 737 11045 200
184 313 1363 1436 9571 18
181 63 464 1178 16568 220
42 31 372 968 19540 80
326 94 310 1122 17341 623
144 228 138 195 7855 172
383 332 190 1029 21587 408
26 294 407 959 9822 173
260 311 1270 1323 27057 526
355 175 1339 1348 3518 528
315 190 134 574 15953 647
197 348 271 562 11126 666
93 33 148 930 214 689
372 333 1384 1423 24757 4
131 205 239 524 7080 683
335 357 1395 1437 2642 514
217 65 859 964 15012 60
398 387 125 731 5610 449
219 220 1040 1338 10233 152
225 295 1402 1412 13198 283
48 235 930 1007 17427 650
76 308 698 1258 5120 450
16 400 1348 1398 7764 341
352 166 505 1047 7941 88
68 88 673 1321 3458 448
134 237 103 196 8237 119
250 188 975 1258 11562 671
72 39 1254 1317 24414 15
379 367 803 1225 24435 238
46 232 1391 1435 13035 101
302 236 954 1059 16940 396
312 125 333 1043 1135 413
152 187 603 877 11045 683
256 333 1018 1049 356 559
170 87 1319 1324 23819 327
360 361 225 324 27059 346
76 149 451 461 16937 66
355 274 220 276 14458 326
131 80 1146 1234 8643 322
6 322 1318 1338 6226 586
357 82 1366 1373 20711 390
327 323 446 866 18778 172
169 62 182 626 9281 656
8 358 109 569 23591 447
184 278 364 1025 9581 176
85 357 772 1314 13775 639
72 359 295 848 2336 507
313 139 836 885 11914 231
247 309 897 1146 13911 28
190 55 1212 1411 12993 218
75 201 1045 1266 20737 590
23 125 736 1258 19325 384
363 73 472 568 13506 377
377 346 351 1402 24284 501
341 67 1261 1413 14229 642
372 347 142 307 17444 148
34 178 1360 1386 24074 556
192 345 579 1345 26728 691
148 116 213 515 23024 607
25 200 1214 1420 19244 114
201 89 1422 1424 26316 580
163 157 1433 1437 22217 704
108 187 920 1255 17639 174
235 256 1185 1273 4180 301
173 175 198 1407 5287 21
398 368 785 1366 2620 638
49 134 1258 1292 15994 119
147 378 764 782 25337 693
251 259 1029 1398 20876 35
31 385 953 1131 6691 379
96 182 587 1155 7571 462
363 145 1197 1321 9721 539
186 208 445 661 19421 403
233 275 1340 1374 12449 414
203 261 1092 1195 10122 700
93 95 1276 1289 20878 103
203 188 1015 1375 954 172
382 47 1278 1331 15992 81
246 202 633 1138 19938 351
182 356 170 246 18933 92
135 295 746 1065 20870 593
318 24 1170 1247 1672 452
135 364 155 585 4335 402
346 194 822 1026 9633 647
391 197 271 1429 1285 584
95 59 440 1377 4983 488
275 373 176 324 10209 653
299 61 362 387 11924 529
111 305 330 575 14141 334
321 235 1222 1358 13907 533
396 131 46 1417 6877 386
131 243 411 980 14793 179
24 101 1292 1361 18465 42
317 214 1199 1346 5253 694
117 189 1106 1312 13088 601
175 305 1422 1430 19346 289
365 139 961 1232 26665 387
209 59 1084 1383 11344 609
262 237 825 1232 4002 475
357 37 256 851 24040 644
363 347 262 1133 22279 30
335 300 785 1071 10390 46
49 198 1353 1355 25626 335
258 304 485 1135 8227 587
269 156 814 1423 19236 692
317 278 395 1004 11885 686
234 99 136 1007 26105 555
84 267 643 736 3151 466
219 78 379 381 6662 340
175 323 918 1171 7989 291
289 181 1133 1224 8159 400
366 30 848 1140 19938 23
311 48 1156 1187 19691 518
17 214 11 841 12617 100
299 32 634 737 25673 250
381 152 956 1422 18928 640
392 366 194 470 12294 68
103 60 1385 1397 8793 464
283 24 1304 1378 16691 75
140 61 1150 1359 2688 558
122 356 641 691 3814 209
400 269 775 1065 12414 169
187 396 540 745 15882 123
115 256 429 838 22657 429
35 366 878 1093 25611 37
33 129 940 1218 4957 6
283 296 316 635 17886 634
146 92 321 1137 4951 36
336 32 968 1183 26677 595
359 277 606 1258 11277 489
211 332 1117 1201 21011 436
317 259 1353 1356 14900 297
364 234 19 590 12668 530
243 376 474 1426 7052 389
196 307 539 701 25913 233
235 331 317 1175 9024 397
81 254 152 187 19599 402
289 277 694 922 27195 36
83 316 158 1392 15499 714
92 312 1075 1387 6824 194
282 183 18 331 19820 461
398 187 550 873 10197 567
319 277 232 1250 3511 222
164 354 146 1146 16718 267
308 273 36 201 758 685
389 314 1388 1394 8143 556
319 278 961 1281 1220 470
299 153 840 1198 9254 40
152 282 143 873 1234 490
284 121 1216 1390 11723 290