171
29 13 1203 1344 22499 188
90 329 541 751 9771 671
357 114 652 1144 15392 373
218 269 1341 1357 23233 400
35 148 1209 1278 20397 72
105 207 1404 1429 10210 318
169 249 1293 1348 5755 294
227 266 1174 1440 22871 551
378 264 1247 1313 26645 474
344 301 664 1351 23893 289
393 100 604 1140 1914 416
112 357 1327 1337 26358 441
99 160 412 1058 4311 37
318 3 1086 1164 15595 300
1 101 115 651 15257 24
364 221 622 628 26363 589
304 371 1324 1398 14856 652
285 264 1222 1337 19348 651
331 17 351 706 653 438
118 226 653 1228 21176 354
154 300 61 1341 4961 130
87 206 293 618 16219 169
234 11 722 1118 16895 651
392 198 923 1295 5757 156
185 249 1182 1384 26697 19
396 383 31 81 26088 544
104 129 919 1150 26930 10
321 138 686 941 26724 468
362 118 338 1338 6042 352
311 172 1105 1321 26564 204
59 30 441 1189 20344 336
242 209 241 1326 12980 642
26 45 1044 1147 4028 73
187 127 731 919 26180 702
56 88 438 1398 4918 42
301 252 556 1361 25374 89
162 371 194 726 17523 501
236 141 1313 1349 222 479
235 275 871 1346 19308 379
214 372 449 703 25075 182
112 380 986 1043 5519 709
379 71 16 889 2729 52
278 173 793 1030 26499 166
297 259 987 1233 8074 407
193 229 61 1075 17567 505
94 287 62 107 13395 331
256 313 1229 1367 16868 207
359 168 1223 1379 27099 456
132 87 1057 1424 8578 287
339 153 1423 1432 9745 471
373 377 445 883 3712 602
378 231 1414 1431 9915 697
176 304 646 1432 19081 120
89 148 902 1384 105 380
265 293 545 844 8867 271
181 30 1435 1437 24159 121
191 54 1434 1439 19522 629
173 210 286 1035 4521 225
263 329 54 1318 6872 246
216 92 1171 1304 13624 402
202 46 1382 1416 2502 508
347 216 44 946 4762 271
296 24 779 940 20529 268
48 250 1400 1432 23373 414
305 153 442 1337 15970 51
83 183 1001 1266 165 235
216 275 31 836 23486 681
79 311 1162 1352 6595 263
385 157 717 1311 408 142
24 303 801 898 13647 407
246 197 70 227 19500 221
104 200 911 1010 26568 278
177 266 1239 1426 7082 683
375 193 1130 1354 7846 477
315 95 829 1011 22022 642
20 4 971 1399 14654 695
309 184 383 659 21165 504
172 76 272 1357 4524 125
387 351 1314 1421 18133 475
90 83 999 1301 20098 63
257 7 537 990 7612 222
326 283 634 982 27179 554
356 167 907 1183 7703 19
280 282 767 1203 17339 652
53 317 1414 1428 15601 354
155 366 792 1073 10400 580
201 183 790 1107 24991 248
276 202 49 777 2608 501
284 143 379 578 21003 140
113 38 962 1079 16739 493
381 279 310 965 2333 59
296 184 88 291 3134 217
201 379 1282 1417 9115 511
236 234 806 1195 20596 476
159 11 747 1369 22391 129
100 337 827 1190 9921 181
310 303 521 784 17909 475
397 269 485 1191 21511 670
42 383 497 1026 16150 151
121 266 1420 1427 15020 79
231 210 46 1180 4820 80
110 28 432 602 4764 104
222 178 614 1083 10775 249
314 262 361 979 14656 537
11 389 905 1243 5352 286
161 163 1381 1381 8462 516
199 197 1136 1138 25313 177
46 380 588 703 9552 414
291 53 419 495 24908 327
4 193 857 899 19028 382
83 392 641 752 24716 248
35 370 801 915 13378 696
76 278 570 1388 9709 525
214 122 1345 1353 22254 680
149 250 347 434 23024 154
237 297 641 954 5488 257
154 325 1021 1135 4650 701
126 59 1136 1386 27057 131
139 27 1 114 25345 662
112 217 255 274 15682 562
279 22 910 1020 14321 335
146 48 1072 1415 21878 368
291 175 552 1129 21877 412
169 133 1037 1262 18728 600
366 188 824 1292 15039 353
279 399 341 1351 20873 584
190 364 133 186 9224 356
191 398 288 926 3205 233
38 344 1039 1305 1352 87
144 118 879 1047 10232 296
17 46 498 1250 21039 500
79 6 259 1344 14795 50
156 322 1093 1317 11641 444
230 353 1436 1436 19786 220
85 167 1098 1236 20841 417
93 327 590 1190 8172 458
55 19 382 1187 2662 717
264 216 148 373 7820 103
251 157 83 434 6258 63
225 312 1061 1184 1244 701
354 80 1248 1370 20898 424
237 129 347 1276 15465 421
86 21 299 846 732 486
102 151 237 876 25870 154
34 373 576 1221 10121 453
165 244 304 481 20185 659
397 254 1426 1430 23518 612
141 8 367 1176 1609 92
269 51 870 961 15854 145
333 72 1228 1333 12730 20
372 3 51 1295 26852 118
354 180 512 1018 19455 707
289 250 203 505 3746 69
292 299 531 855 12672 109
345 2 1163 1270 13500 628
119 344 514 740 6068 567
369 210 1370 1393 11711 264
166 296 1089 1355 16490 676
273 102 238 1037 10753 491
341 32 1362 1372 3491 146
231 94 345 803 2483 496
328 120 1351 1375 14931 575
90 112 568 1130 18898 193
282 181 824 1248 21251 406
129 268 858 969 14019 557
7 299 623 1345 5601 410
246 389 1262 1337 4616 357
317 106 854 1219 2221 581
338 121 89 326 15204 323
296 9 933 996 15135 674
400 292 1137 1364 16554 393