176
234 37 910 1212 2831 256
339 199 1377 1386 122 392
44 314 684 1151 17898 108
174 70 843 1232 8233 417
6 185 244 576 18601 1206
117 192 1153 1195 13010 235
363 98 14 512 23900 969
147 63 664 1163 2492 444
146 98 439 1348 23429 312
203 384 1 335 14148 1000
214 310 903 1204 19533 1141
374 266 905 1059 3161 436
311 74 227 330 25860 779
273 76 1156 1242 25863 1123
353 61 345 1267 14444 1104
219 194 905 1216 12545 239
371 91 809 1271 15299 576
341 270 423 1077 6222 919
14 139 339 1206 454 430
237 203 1375 1377 3643 193
144 193 217 473 14844 500
131 142 512 1022 18991 761
242 103 958 1097 2424 353
272 171 420 1303 26288 171
267 106 1374 1387 13112 482
97 243 839 1021 5328 541
288 391 288 867 14920 1015
57 149 1221 1277 20441 805
370 310 1352 1361 22419 558
139 88 805 990 20440 1222
188 161 636 769 652 974
174 4 137 322 12606 63
274 44 1077 1353 3965 617
246 108 493 998 935 55
185 316 822 982 13109 125
167 274 499 807 18716 268
334 5 874 1025 17700 185
194 68 371 863 20631 872
251 171 6 11 14902 175
268 293 67 1063 16042 1149
391 137 414 757 20017 1012
4 365 698 1293 18668 977
302 179 165 351 946 1287
290 240 306 1014 5884 1038
50 125 724 1130 7938 900
31 134 768 774 17198 476
315 14 1135 1360 20242 300
190 169 1296 1362 11518 191
206 190 1034 1306 17827 655
283 366 986 1312 3085 227
180 29 1199 1263 20816 70
336 379 871 1178 19537 746
362 91 589 945 11851 878
257 228 133 746 25203 352
17 50 1263 1341 25010 514
234 62 418 488 17263 1225
271 211 320 819 20216 1149
124 180 595 1277 19388 408
194 27 798 1054 1058 417
370 233 1064 1260 16629 745
379 328 283 428 22530 500
120 292 593 1259 25465 285
123 310 1217 1284 10499 556
233 74 1 205 11018 749
62 115 1116 1122 8800 544
255 362 947 1105 17355 937
273 302 18 130 18611 968
70 300 244 992 25379 1052
262 69 530 706 22896 539
322 355 517 999 25507 1136
107 373 810 1228 9017 222
50 54 145 502 18724 21
233 355 386 1243 4962 427
36 173 1250 1365 1488 661
360 146 1392 1395 22621 95
34 217 108 451 3696 508
116 360 787 870 21027 803
258 224 1058 1107 883 604
241 35 1335 1346 4299 347
86 222 1175 1394 18478 875
395 324 488 1391 19726 994
233 91 409 462 10264 950
342 134 1192 1369 22754 657
175 286 887 1000 5704 580
230 209 880 1087 18741 204
274 368 1321 1395 15910 590
289 229 1073 1280 9548 307
234 168 929 1040 7857 290
234 32 923 1286 16882 502
283 320 277 773 1457 590
388 106 1367 1384 22489 1096
93 99 764 1156 10103 914
18 371 804 1322 24592 393
372 60 1147 1343 26873 427
84 128 1099 1290 25324 290
142 6 1275 1295 1604 693
175 388 342 1086 10909 845
180 334 153 1095 17500 94
260 159 362 374 12432 157
270 238 280 615 21506 784
259 317 72 343 15922 654
177 364 844 887 24229 340
312 214 365 959 1219 876
313 22 166 1201 22132 853
317 154 908 1158 3191 429
358 123 804 941 10106 1138
335 193 217 1353 24088 544
351 141 440 1074 12562 13
146 211 792 988 9448 1076
315 150 813 1172 15733 1228
354 310 1317 1344 3984 382
331 341 899 1102 4429 350
192 295 1399 1400 4310 899
312 338 1392 1393 15774 698
158 353 1276 1385 22000 169
16 279 772 1138 3404 76
141 287 973 1074 22537 907
135 90 293 338 14269 818
398 88 1361 1399 2208 334
156 182 1076 1330 6252 108
69 1 903 1335 18576 499
187 288 1202 1284 6432 977
44 239 196 474 27044 745
238 207 640 1196 21018 1269
22 325 1164 1368 4796 157
395 137 209 1199 3573 280
299 204 352 779 1417 12
8 181 503 589 17505 1008
269 146 164 694 23221 593
16 269 121 1355 25541 506
219 132 1147 1171 24237 985
397 140 1263 1353 23418 217
120 182 1182 1338 23314 10
184 290 6 1398 5545 164
337 336 641 1038 15534 185
47 14 1202 1230 12028 807
159 74 1125 1351 7127 334
356 395 1259 1347 241 857
334 44 360 528 15519 443
253 29 1186 1374 25238 1129
312 344 1186 1188 6522 283
288 213 1212 1335 15832 1337
207 301 1066 1213 17693 466
334 274 298 674 24680 1112
64 140 589 626 21147 1001
308 325 880 913 9991 1043
248 349 6 275 9663 539
353 265 544 635 799 47
75 170 463 610 21402 1137
324 98 259 976 5142 432
315 247 509 877 22195 143
106 382 188 635 23534 290
319 133 1292 1395 20908 1153
196 148 607 1139 5224 798
174 85 1279 1338 13027 784
134 50 230 620 5889 995
201 143 538 1128 25173 345
38 360 316 793 6949 915
139 129 947 1039 4898 397
206 49 1324 1359 12717 439
106 108 1157 1360 19579 934
281 177 191 1040 583 446
319 5 1045 1118 18318 902
327 2 973 1011 2917 722
79 286 80 635 10935 75
174 284 1307 1317 18339 644
232 58 1340 1340 6209 1024
218 106 212 699 20586 255
373 335 1264 1393 21061 438
157 138 760 834 13013 105
58 2 840 1064 184 246
240 44 910 996 7470 62
359 100 1064 1168 25249 90
169 219 470 1367 17720 762
149 353 80 530 2241 128
85 338 562 575 10705 343