60
385 250 385 385 1000 50
275 40 385 385 1000 50
250 15 385 385 1000 50
285 350 385 385 1000 50
250 350 250 250 1000 50
25 260 385 385 1000 50
150 375 325 325 1000 50
50 285 385 385 1000 50
25 150 325 325 1000 50
350 250 250 250 1000 50
40 125 385 385 1000 50
275 350 325 325 1000 50
40 275 385 385 1000 50
375 150 325 325 1000 50
260 25 385 385 1000 50
375 140 385 385 1000 50
50 200 150 150 1000 50
50 115 385 385 1000 50
140 25 385 385 1000 50
50 150 250 250 1000 50
150 350 250 250 1000 50
115 50 385 385 1000 50
350 200 150 150 1000 50
200 350 150 150 1000 50
360 125 385 385 1000 50
50 275 325 325 1000 50
250 50 250 250 1000 50
125 360 385 385 1000 50
350 275 325 325 1000 50
275 360 385 385 1000 50
375 250 325 325 1000 50
15 150 385 385 1000 50
350 150 250 250 1000 50
350 115 385 385 1000 50
150 25 325 325 1000 50
125 350 325 325 1000 50
150 385 385 385 1000 50
350 125 325 325 1000 50
200 50 150 150 1000 50
275 50 325 325 1000 50
360 275 385 385 1000 50
375 260 385 385 1000 50
250 25 325 325 1000 50
150 50 250 250 1000 50
50 125 325 325 1000 50
285 50 385 385 1000 50
140 375 385 385 1000 50
125 50 325 325 1000 50
115 350 385 385 1000 50
385 150 385 385 1000 50
260 375 385 385 1000 50
150 15 385 385 1000 50
350 285 385 385 1000 50
25 140 172 174 3999 1000
50 250 250 250 1000 50
250 375 325 325 1000 50
125 40 385 385 1000 50
250 385 385 385 1001 50
15 250 385 385 1000 50
25 250 325 325 1000 50