200
0 0 262 265 23791 270
1 400 339 414 25207 1008
1 0 739 1079 22610 927
2 400 857 886 14528 261
2 0 130 800 7843 725
3 400 765 808 12460 509
3 0 348 600 10229 369
4 400 552 624 20201 315
4 0 143 741 22632 455
5 400 943 1241 21716 209
5 0 1296 1396 15185 290
6 400 1224 1308 11735 336
6 0 795 858 8809 15
7 400 456 679 14476 191
7 0 613 1387 3087 255
8 400 776 1245 22927 181
8 0 228 1368 16525 152
9 400 138 140 16252 557
9 0 1136 1227 14168 886
10 400 290 799 20605 445
10 0 1173 1358 6082 147
11 400 1027 1071 11588 704
11 0 1026 1309 23599 181
12 400 678 1351 6593 290
12 0 297 428 19151 152
13 400 840 1016 25630 923
13 0 1159 1215 19868 540
14 400 1346 1382 8503 149
14 0 223 289 20251 51
15 400 735 1294 3247 949
15 0 1369 1395 24624 965
16 400 696 1075 11218 983
16 0 146 918 4863 452
17 400 1123 1247 13867 815
17 0 1313 1360 18180 938
18 400 798 1004 429 46
18 0 893 1042 19911 659
19 400 222 613 10608 358
19 0 796 1177 16643 201
20 400 747 984 17513 724
20 0 452 657 22506 888
21 400 859 1293 26648 1015
21 0 1209 1319 17633 777
22 400 1207 1348 7947 150
22 0 759 915 15415 857
23 400 704 1102 15279 258
23 0 865 893 17231 505
24 400 195 225 25972 622
24 0 921 1214 9271 927
25 400 143 474 543 392
25 0 1131 1367 21212 112
26 400 597 1033 6688 121
26 0 1211 1322 18282 74
27 400 19 43 1945 780
27 0 209 332 19172 710
28 400 67 114 23943 1017
28 0 460 785 6451 872
29 400 408 1047 11985 1019
29 0 139 690 16492 766
30 400 569 1238 14293 526
30 0 673 1174 19050 1008
31 400 1374 1400 8430 843
31 0 645 699 1255 163
32 400 749 799 8280 1009
32 0 1123 1186 1188 853
33 400 826 1219 24201 85
33 0 414 594 23117 692
34 400 222 234 21239 992
34 0 892 1374 15449 89
35 400 1078 1320 26683 385
35 0 1080 1108 24417 384
36 400 406 650 26381 143
36 0 70 1187 18172 392
37 400 350 463 16491 985
37 0 1394 1398 8784 575
38 400 153 518 23155 1034
38 0 1196 1223 17652 38
39 400 1235 1306 803 271
39 0 849 1385 18961 267
40 400 413 1333 1697 943
40 0 160 1192 8715 327
41 400 113 531 4326 489
41 0 509 976 294 670
42 400 461 641 11813 162
42 0 362 506 22711 460
43 400 492 907 23788 214
43 0 1143 1400 9850 626
44 400 1135 1294 3251 204
44 0 1229 1328 964 190
45 400 1347 1400 8252 413
45 0 1315 1384 26458 764
46 400 1056 1233 21070 731
46 0 1093 1118 3006 319
47 400 1328 1383 7890 430
47 0 1010 1176 15294 1012
48 400 329 1379 9008 611
48 0 1205 1397 23414 880
49 400 429 448 7397 766
49 0 776 1081 6760 1011
50 400 295 471 11820 1078
350 0 449 1150 8159 67
351 400 554 846 16230 380
351 0 563 641 6230 834
352 400 1097 1335 1523 55
352 0 627 855 2141 461
353 400 87 422 26557 259
353 0 276 1280 7973 987
354 400 1026 1357 25652 1020
354 0 161 761 7673 1064
355 400 294 1266 19423 524
355 0 1036 1157 6470 818
356 400 977 1114 25143 991
356 0 1293 1377 20774 755
357 400 1336 1344 18963 648
357 0 268 1148 26981 235
358 400 1213 1398 10414 579
358 0 537 1149 18407 448
359 400 463 515 14391 877
359 0 151 593 21575 1026
360 400 257 1310 20412 732
360 0 1357 1387 11382 767
361 400 1263 1341 14639 833
361 0 262 1131 13970 62
362 400 1109 1213 3430 390
362 0 964 1352 6886 984
363 400 1 594 10225 1029
363 0 36 225 9257 424
364 400 729 1296 20998 361
364 0 975 1056 24675 954
365 400 1157 1385 2005 1010
365 0 397 1187 19414 660
366 400 470 1311 11694 737
366 0 1102 1185 10388 88
367 400 28 440 1012 156
367 0 36 842 10428 5
368 400 764 1109 12632 915
368 0 264 728 11822 846
369 400 1267 1275 10091 912
369 0 349 772 10955 380
370 400 131 1346 5039 108
370 0 552 1399 17081 221
371 400 431 930 13808 955
371 0 694 772 23122 343
372 400 681 1306 5379 813
372 0 364 1336 20427 514
373 400 860 1020 16168 674
373 0 21 1226 9803 433
374 400 1235 1270 8815 313
374 0 875 1318 2769 351
375 400 865 1036 1526 218
375 0 162 892 3834 975
376 400 565 911 4977 459
376 0 425 1235 17976 1014
377 400 522 817 251 505
377 0 413 1235 15223 902
378 400 34 400 7020 970
378 0 1136 1244 19914 400
379 400 1335 1368 13527 704
379 0 327 678 24247 973
380 400 1078 1377 19379 78
380 0 72 698 7127 292
381 400 33 1127 11963 583
381 0 1197 1340 24391 185
382 400 993 1142 11757 763
382 0 231 653 6349 288
383 400 968 1109 20006 926
383 0 1073 1230 20856 232
384 400 594 681 19104 276
384 0 986 1385 65 893
385 400 1230 1233 957 974
385 0 1094 1345 18212 165
386 400 238 465 2952 154
386 0 754 1111 15806 48
387 400 1375 1376 23072 1046
387 0 951 989 21994 613
388 400 1329 1351 4077 876
388 0 296 874 16465 869
389 400 1350 1391 19965 710
389 0 1287 1359 18918 61
390 400 1115 1223 947 226
390 0 937 1044 20987 394
391 400 168 335 13638 119
391 0 478 487 3285 760
392 400 1144 1223 251 227
392 0 27 905 18781 830
393 400 1357 1365 796 476
393 0 52 521 17480 413
394 400 1109 1297 63 488
394 0 1088 1110 25965 415
395 400 1324 1357 8866 76
395 0 1130 1331 6675 38
396 400 144 1292 629 358
396 0 234 1273 8545 729
397 400 813 927 838 93
397 0 1372 1386 23205 755
398 400 519 1358 12096 285
398 0 327 817 16643 949
399 400 948 981 26800 765
399 0 1336 1338 1339 515
400 400 857 1030 16956 166