180
251 262 728 1264 23792 1108
247 265 109 1031 21324 587
194 280 270 1034 7357 711
188 280 390 1128 12365 764
160 270 986 1029 26093 510
244 134 526 736 11597 403
276 178 1352 1361 5346 1197
121 187 779 848 1422 707
273 233 1113 1191 648 1250
120 200 432 1233 6018 191
216 279 1259 1359 24401 1347
271 236 1250 1391 19291 122
263 151 835 1096 22247 595
261 149 346 1385 9274 243
240 270 369 566 23555 1221
172 125 212 472 11237 1299
197 121 1008 1091 1152 493
128 165 58 438 5186 1313
128 236 1051 1352 6194 1183
275 228 874 1326 14278 119
123 225 881 1033 5352 911
155 267 582 830 25438 1051
280 200 584 763 16394 249
267 243 683 1005 22726 61
136 250 1329 1392 8686 264
202 121 852 1270 377 1228
129 163 921 1394 18271 1208
167 274 1251 1273 9434 1071
274 230 412 1122 21759 1310
229 275 372 534 11048 1143
183 122 1141 1284 19118 15
278 187 1046 1273 23276 704
148 139 465 813 13283 1169
278 217 347 712 19655 431
213 122 1327 1395 8681 1225
133 156 368 984 340 16
120 192 1015 1161 8861 1218
235 272 991 1047 13877 475
279 212 557 1273 1889 1388
132 243 1015 1330 17926 332
279 209 913 1247 4537 253
274 171 113 233 8178 651
125 171 1380 1383 6222 609
142 256 1223 1249 3694 785
222 124 117 1057 22861 1097
244 267 697 1264 2035 72
135 153 598 1399 19850 741
269 240 341 1031 8514 865
144 258 1266 1282 15089 1392
276 176 426 1173 2371 753
279 206 930 1249 15716 737
200 280 270 597 19090 232
279 189 1025 1142 9232 876
120 206 543 592 21906 8
216 122 1028 1113 2332 626
219 123 733 1360 26340 1127
175 277 354 1040 20218 1355
136 151 1261 1296 64 158
120 189 1164 1167 24785 1091
279 192 1217 1268 9744 257
150 137 866 1014 9012 689
162 271 652 752 20387 135
140 254 524 959 6634 1298
152 136 1358 1371 6710 664
135 248 70 118 11843 1233
237 271 1264 1322 7958 146
164 129 82 450 24027 22
257 145 1081 1322 23234 825
227 125 1081 1329 1725 1159
129 238 371 678 23312 1250
125 230 633 764 3079 1176
277 220 741 859 6867 733
211 280 1331 1393 15572 1405
270 163 78 601 14471 173
150 264 805 1056 20498 495
157 268 1267 1347 17795 907
276 223 857 1090 15205 1221
197 280 261 376 11468 1276
279 203 296 489 15890 822
130 160 757 1107 25466 427
121 217 793 937 10875 203
142 145 1162 1192 25445 807
122 220 1203 1255 10524 1307
146 141 86 1178 19224 757
279 195 33 795 20268 18
237 130 307 993 1766 603
152 265 1258 1400 4720 234
224 124 257 1114 17940 1062
186 279 867 947 3716 1105
180 278 0 557 11057 1370
120 198 758 1117 19665 1123
122 181 971 1251 2450 40
120 209 670 748 24410 85
123 178 941 1214 21588 1231
146 260 674 1394 14585 1268
140 147 413 673 8868 395
219 278 957 1078 13610 798
183 279 532 637 10195 613
164 272 271 1316 1527 1308
242 133 1035 1144 26262 1381
270 238 367 1277 14179 961
242 268 169 557 16402 801
120 195 81 143 6917 117
120 203 1311 1378 8951 861
177 124 1363 1377 22014 863
208 121 101 475 22805 338
224 277 160 259 20839 599
124 228 306 1324 19715 386
157 133 259 709 18639 1088
123 176 858 874 26550 79
249 264 34 1310 20107 397
213 279 947 1156 24504 141
269 160 1145 1290 6700 994
276 225 409 587 8712 873
277 181 321 1378 5634 177
232 127 145 705 11391 1113
208 280 565 1056 3298 908
261 252 199 256 25235 288
266 245 1349 1351 13471 1397
175 124 798 1215 25635 1392
211 121 357 1066 4475 1272
138 252 174 285 3845 544
205 121 456 739 21735 350
121 184 1030 1305 25762 318
264 153 521 824 11851 1059
186 122 340 707 11540 226
159 131 186 733 19844 499
191 121 778 1282 8437 287
133 245 724 873 379 3
167 127 1153 1302 19105 170
138 149 1126 1212 23473 1357
162 130 1002 1028 20932 1008
255 258 940 1153 26729 737
278 214 865 1244 23879 1364
148 262 1127 1292 15947 20
180 123 145 319 15958 1010
266 156 1243 1361 13220 788
199 120 490 892 11546 260
253 260 475 1153 24647 45
123 223 651 694 6237 191
155 134 38 1326 21981 451
120 212 1060 1158 472 740
267 158 717 1057 13082 581
247 136 561 1001 16935 384
124 173 940 1000 24298 816
126 233 287 830 11834 1283
229 126 427 735 15980 727
121 214 75 779 4817 41
264 248 646 1122 23619 1154
259 254 207 420 2349 339
263 250 1215 1320 6943 620
255 143 559 906 10807 920
232 274 152 1342 13460 975
253 141 136 348 7593 176
202 280 1348 1353 17387 437
240 131 333 511 25339 45
188 121 21 390 4329 1423
235 129 1319 1347 21615 1041
259 147 1159 1175 14606 1429
273 168 490 548 18138 1301
279 198 403 1184 6155 1404
126 168 957 1308 26247 1181
132 158 966 1063 8354 1176
271 165 886 1177 21001 468
275 173 406 478 18115 1259
172 276 994 1291 9186 655
170 275 464 651 5689 1196
130 240 1111 1381 6039 1207
191 280 1107 1333 8149 67
144 143 939 1202 8248 1261
278 184 628 1051 5169 385
249 137 1179 1340 21846 770
257 256 302 1169 2611 505
222 277 1309 1322 2181 1143
170 126 986 1158 7536 702
205 280 211 784 12058 418
227 276 208 359 21868 60
194 121 450 454 18061 1423
251 139 277 729 21602 12
177 277 1291 1378 1842 167