53
32 178 992 1281 667 1240
265 97 96 172 14837 1158
389 84 190 1079 22967 573
155 325 1056 1145 17579 449
52 266 795 808 25338 640
376 194 490 553 24620 531
281 297 955 1072 25436 230
165 229 636 1380 4134 681
308 265 710 910 12254 629
275 219 573 883 4271 1174
368 235 372 499 9786 1013
165 359 1057 1361 11635 431
70 44 1101 1264 20784 940
223 1 608 1115 19325 108
24 186 1016 1225 9933 939
55 187 439 1262 5554 976
199 174 758 1041 11657 617
343 222 1048 1197 20522 368
291 202 444 993 25611 985
216 341 390 1021 8670 164
350 340 1119 1340 25762 327
153 179 455 1128 2906 1237
112 391 526 931 26144 514
335 322 862 1067 15884 365
147 383 675 1390 5598 925
152 311 709 1007 24127 688
85 12 375 505 3730 582
35 83 955 1151 2926 869
273 95 312 355 3764 788
87 400 1335 1336 22613 53
371 83 649 1244 14718 595
237 151 1154 1228 22943 74
83 119 1258 1396 11476 1236
99 393 1140 1319 2292 958
70 354 1031 1346 15092 920
186 153 667 991 2286 1245
187 330 616 1317 20125 36
119 285 15 1136 4386 1109
20 386 477 1012 16590 723
374 33 292 337 8446 959
123 368 389 743 5207 1105
171 87 938 1154 26275 834
151 332 1179 1354 25591 999
332 232 884 1198 21242 589
396 57 1078 1362 12528 1043
97 144 915 1327 8263 834
319 242 1271 1329 5856 763
198 60 1124 1286 17716 1264
39 6 211 503 2555 955
165 164 589 721 899 461
22 105 293 1369 13213 323
151 109 219 322 11275 787
325 47 477 1009 10465 1032