60
150 175 0 700 50 2
225 150 0 700 50 2
87 375 0 700 50 2
25 187 0 700 50 2
75 175 0 700 50 2
275 250 0 700 50 2
250 275 0 700 50 2
325 175 0 700 50 2
375 37 0 700 50 2
25 37 0 700 50 2
175 325 0 700 50 2
137 25 0 700 50 2
25 12 0 700 70 2
75 275 0 700 50 2
25 87 0 700 50 2
25 62 0 700 50 2
175 150 0 700 50 2
150 125 0 700 50 2
225 75 0 700 50 2
162 375 0 700 50 2
375 87 0 700 50 2
375 12 0 700 50 2
150 225 0 700 50 2
275 75 0 700 50 2
150 275 0 700 50 2
75 125 0 700 50 2
187 25 0 700 50 2
125 250 0 700 50 2
37 25 0 700 50 2
325 275 0 700 50 2
62 25 0 700 50 2
112 25 0 700 50 2
12 375 0 700 50 2
25 162 0 700 50 2
137 375 0 700 50 2
125 150 0 700 50 2
125 75 0 700 50 2
375 162 0 700 50 2
37 375 0 700 50 2
175 75 0 700 50 2
375 112 0 700 50 2
75 225 0 700 50 2
12 25 0 700 50 2
62 375 0 700 50 2
125 325 0 700 50 2
250 125 0 700 50 2
112 375 0 700 50 2
375 137 0 700 50 2
375 187 0 700 50 2
225 325 0 700 50 2
187 375 0 700 50 2
87 25 0 700 50 2
275 150 0 700 50 2
275 325 0 700 50 2
25 137 0 700 50 2
325 225 0 700 50 2
162 25 0 700 50 2
375 62 0 700 50 2
325 125 0 700 50 2
25 112 0 700 50 2