55
196 115 840 842 1440 56
157 315 1277 1284 1789 46
146 368 352 361 731 74
146 368 651 657 1731 88
184 344 991 994 1580 74
184 344 991 994 1580 74
380 134 930 940 931 88
391 20 1090 1095 1642 88
325 191 1287 1289 20000 100
22 215 972 975 1919 24
126 290 553 562 1423 36
391 336 243 246 1504 49
8 228 318 320 1213 72
93 238 371 376 107 28
95 352 270 271 74 71
368 174 949 950 1047 25
384 52 296 298 1395 85
238 308 1117 1123 44 37
357 282 414 421 1138 22
244 337 1083 1085 650 24
112 177 984 990 1601 79
200 200 1381 1391 409 56
200 200 278 282 218 69
200 200 114 118 108 27
200 200 117 118 868 79
70 122 238 242 691 29
219 139 1096 1105 322 23
157 290 214 216 1805 29
188 21 752 759 1154 38
212 241 370 380 1892 61
363 91 1426 1434 118 95
49 388 503 505 1996 68
331 122 177 187 173 36
103 163 1097 1104 1410 13
244 255 500 510 1073 45
146 82 39 46 1921 34
144 27 224 227 1317 65
144 27 1011 1020 1381 87
144 27 235 241 1364 41
269 269 752 756 4 13
269 254 866 872 756 33
58 123 386 389 1925 90
79 31 40 46 1811 25
176 89 500 507 1513 98
334 238 779 781 1073 39
397 315 1016 1019 441 42
5 123 42 43 1086 82
5 123 42 43 1086 82
5 123 42 43 1086 82
375 313 392 398 1386 20
59 372 1265 1270 1007 9
33 184 654 660 1706 59
33 184 330 338 28 48
33 184 653 661 980 51
33 184 330 661 1000 99 