45
285 132 772 796 2889 25
128 140 1032 1072 16030 6
341 305 1401 1432 17012 35
338 201 763 940 8959 603
200 200 139 158 16682 190
369 27 692 956 1911 932
63 230 210 1160 10350 157
61 123 1164 1415 16434 25
128 328 579 605 4015 324
370 161 1327 1361 11608 92
180 260 1101 1217 11099 2
95 89 861 869 14742 561
24 272 85 641 14454 1216
30 51 202 795 14834 366
200 200 111 781 11689 658
37 2 1342 1403 17126 280
37 2 1342 1403 17126 280
200 200 550 777 16273 284
157 279 789 1306 7910 205
340 38 1339 1376 5781 6
55 294 9 1054 10996 33
37 2 1342 1403 17126 280
117 180 1389 1424 23770 2
257 373 194 1113 1841 1330
226 111 699 1233 27059 618
305 184 375 626 20447 247
269 233 1277 1440 20737 315
180 108 361 1269 4630 10
108 119 583 1254 8062 551
128 332 1063 1199 5752 373
123 37 1077 1418 9636 126
132 9 279 797 21394 383
256 278 1362 1419 10728 1
307 296 1099 1349 5691 226
269 233 1277 1440 20737 315
40 216 274 399 24231 273
218 383 601 1099 808 177
315 341 1136 1313 2180 130
200 200 92 122 14296 328
200 200 92 122 14296 328
375 239 1212 1413 17091 377
200 200 1292 1440 7460 48
286 20 859 1270 18667 102
192 260 1367 1396 11166 286
148 365 375 1229 13552 343