175
260 249 1004 1094 21283 265
5 121 1202 1371 9042 117
92 332 136 658 3896 336
43 374 892 1415 10142 206
272 227 1410 1418 23967 347
56 177 895 1122 17132 160
226 188 1226 1250 15478 385
303 92 282 744 27079 204
75 303 598 608 25961 457
109 139 957 1002 4535 184
123 341 739 964 18121 23
153 325 42 1114 15600 170
368 101 729 1236 18673 108
174 340 477 1280 12482 293
150 63 1281 1356 24804 484
47 173 682 814 9990 26
26 143 447 1274 19179 393
40 74 1338 1360 14711 66
138 264 345 600 12184 494
79 33 422 523 24019 365
389 368 523 605 24310 294
102 340 633 836 8524 361
123 341 739 964 18121 23
229 310 1023 1364 16436 300
0 0 1187 1338 19329 1
277 222 169 631 19447 147
399 259 883 1154 23817 220
300 13 1199 1396 2432 490
346 143 950 973 23574 485
191 287 1056 1166 20237 224
255 131 1267 1348 10058 252
145 67 1009 1100 4137 3
99 285 1204 1297 6340 120
107 50 190 1222 16208 329
297 148 583 848 7807 388
170 204 393 585 9661 49
231 43 509 817 5533 2
125 89 550 1402 10902 5
191 335 259 280 7689 48
185 209 1131 1423 15627 205
33 351 313 403 3576 258
111 188 218 1368 15820 375
211 372 263 1071 14701 458
286 268 1135 1216 16796 99
243 376 1059 1116 12665 364
242 321 880 1002 11987 373
393 305 507 707 2234 85
329 151 1395 1419 25155 129
296 24 94 592 24149 11
163 96 169 517 5012 434
106 166 73 1295 9538 364
307 272 387 875 26539 284
191 248 826 951 12215 312
0 367 1234 1413 13967 29
282 95 777 1193 18640 223
189 266 1035 1427 20575 212
221 4 1323 1389 16127 36
105 19 1203 1237 13026 454
17 371 1225 1402 3484 184
20 161 227 289 19498 460
79 162 1162 1335 14789 476
78 296 934 1043 14761 250
279 133 882 1240 7391 300
36 9 98 363 27165 25
310 345 955 1280 5490 128
400 297 1077 1361 9146 286
123 341 739 964 18121 23
60 266 281 1438 21065 256
76 327 163 607 3197 185
269 320 366 880 1676 326
99 391 1374 1376 4003 135
58 277 225 597 7719 298
67 126 1261 1310 21771 301
325 134 1034 1248 19823 447
271 386 1241 1324 12455 149
105 295 598 1086 25171 321
169 229 937 1424 25738 194
367 210 881 934 23429 306
359 240 495 1216 25009 143
344 130 1132 1247 17110 422
163 305 403 793 17693 282
22 131 679 952 13681 476
200 311 1167 1339 13096 405
190 39 1325 1349 8865 158
360 282 445 733 16355 51
154 389 900 1287 25677 69
328 163 239 817 4539 277
154 340 96 170 24653 277
272 373 197 610 16838 378
28 157 3 1350 5062 230
48 255 1024 1168 13506 306
374 214 1118 1440 4840 226
359 240 495 1216 25009 143
139 300 1401 1424 22642 427
359 240 495 1216 25009 143
211 71 977 1147 5277 373
101 7 158 522 25012 281
212 391 695 744 10313 389
30 284 1187 1230 6311 192
220 180 557 800 20289 177
393 69 463 1065 5381 277
23 12 203 276 11713 23
229 319 362 1356 14558 114
263 259 943 1240 22337 70
330 294 970 1430 12407 189
31 313 1081 1114 7731 45
204 135 1329 1376 18650 492
44 170 25 100 24114 197
210 112 1047 1186 833 400
105 142 1031 1134 6366 335
92 169 814 1266 6220 489
155 89 1263 1320 11520 430
118 222 530 1345 24257 351
102 188 1402 1430 25667 123
399 121 583 976 177 369
327 351 569 604 14122 248
7 144 1289 1391 18719 430
276 90 1398 1421 22623 325
36 223 50 216 20420 442
56 327 301 555 17128 218
122 354 916 1344 21648 306
154 394 265 365 18929 213
171 227 731 1010 20379 18
254 37 263 1265 14425 36
249 310 1194 1439 24091 353
316 283 655 1155 8634 293
324 115 711 918 13276 407
41 373 740 1079 22547 323
171 258 993 1070 15677 408
194 395 789 941 8744 202
296 74 967 1185 6144 78
322 104 612 1106 23150 31
191 135 1047 1087 24590 138
323 156 1160 1312 11902 351
26 121 824 1375 14259 218
384 302 253 994 17143 358
370 15 615 1440 11757 41
175 252 256 443 22147 348
298 18 1289 1401 26018 312
173 10 416 917 26058 99
246 307 89 1009 21384 134
43 68 564 1365 15043 429
50 23 1135 1305 26155 368
238 199 1317 1392 13269 485
219 48 745 762 23512 269
358 8 618 1251 18644 464
132 349 1135 1395 19567 145
280 346 638 1011 16277 183
19 369 762 1387 10228 251
251 10 1068 1320 17096 102
148 85 479 1147 27056 85
248 13 1242 1374 3711 441
212 349 557 1003 11252 333
156 121 634 991 5807 337
338 347 284 765 25873 477
198 270 888 1053 20590 385
128 213 872 1007 1081 122
229 363 755 781 9628 408
227 89 237 255 20381 84
24 262 213 1080 23174 262
213 94 349 1106 25540 415
0 185 330 995 13416 485
112 383 1234 1378 19705 53
234 323 459 1316 19573 415
220 306 318 1278 14477 291
166 23 838 1257 17553 373
363 115 682 890 25148 17
199 386 1062 1439 2409 372
266 278 695 1187 2953 97
107 160 486 557 14998 327
175 300 548 1003 1238 363
266 118 290 936 24568 200
269 202 255 1330 20388 280
263 75 913 1120 1079 163
122 319 473 1077 16422 104