185
157 15 899 910 25084 8
200 200 17 34 24645 2
40 64 30 40 23446 4
14 16 1081 1083 22487 1
322 29 1355 1356 24826 9
344 207 524 536 21936 10
25 167 1218 1228 26999 8
15 193 668 676 23972 1
360 208 924 926 22578 9
360 213 1190 1192 26727 7
81 70 894 905 25157 6
106 391 1137 1142 24939 8
365 225 680 697 20806 10
323 195 477 493 25254 3
84 209 96 111 22905 2
366 372 1329 1336 23603 6
140 279 823 843 24436 7
315 322 1171 1191 26177 7
196 145 699 700 22866 6
39 340 1179 1180 27093 6
54 101 113 124 22195 10
164 336 558 564 21619 3
238 47 592 605 22830 6
182 24 41 55 20366 9
188 212 684 689 26200 10
194 256 386 390 26212 7
140 198 91 99 24693 9
343 125 474 494 24289 9
93 396 599 618 22920 10
177 160 617 618 22024 4
76 57 893 900 25790 10
399 37 1125 1145 25872 6
252 90 946 949 25610 9
321 167 338 347 27119 3
200 200 53 73 21778 1
248 374 1437 1440 20698 8
95 40 1083 1090 21070 3
314 320 447 450 27176 4
323 99 1022 1041 20097 1
50 344 1379 1389 20620 3
378 141 332 344 26685 2
139 112 1369 1374 26888 3
62 135 881 898 26989 5
110 350 268 272 25155 9
230 384 673 684 26509 2
333 11 446 461 20645 7
264 3 1021 1035 25439 10
25 185 1048 1050 22501 2
106 391 1235 1253 21694 10
105 26 91 100 21385 7
297 82 986 997 21033 3
278 204 823 843 20552 6
359 56 744 754 21375 1
307 180 1266 1273 23814 6
307 180 1266 1273 23814 6
47 345 466 472 24725 8
106 391 1270 1283 22801 8
215 26 1387 1406 22022 8
322 354 309 315 25105 5
86 355 1206 1210 20194 5
43 313 200 211 20073 7
149 24 664 682 24253 7
18 98 525 530 23886 10
210 315 460 462 26486 10
37 97 491 509 21464 10
200 200 382 392 25570 2
278 39 625 640 26705 6
366 372 1426 1434 26785 1
43 2 926 929 21935 4
216 230 756 766 21647 8
81 355 922 939 23744 2
84 29 604 610 24617 9
52 243 1059 1074 24097 10
150 81 469 479 20933 4
41 39 199 212 21295 5
146 222 1022 1040 22132 9
227 156 688 693 25413 8
117 113 60 70 21008 4
296 373 73 81 25701 2
366 372 785 792 26732 7
307 180 1266 1273 23814 6
268 157 470 488 21910 4
83 78 1013 1020 20345 8
255 352 2 14 21385 10
310 133 1144 1153 21201 8
268 249 1429 1440 20350 10
372 49 931 949 25024 10
167 250 1379 1393 24873 1
53 57 373 376 21472 9
41 209 833 844 24389 2
60 253 1211 1221 21472 1
319 100 349 352 26700 4
115 362 143 163 25182 6
240 361 1064 1075 22335 4
226 183 753 773 20728 1
211 8 46 51 25135 7
257 280 6 13 24273 7
119 9 1406 1410 22607 8
90 70 273 276 21898 5
219 137 372 375 23306 1
36 186 913 930 20778 2
211 8 1142 1156 25018 5
83 235 451 469 22532 1
200 200 1137 1153 20942 4
40 64 1140 1160 26100 3
251 307 1358 1372 22320 2
340 191 561 574 24209 1
373 190 973 984 20176 1
389 302 433 438 22708 9
122 319 476 489 24786 9
361 255 602 606 20076 8
219 137 372 375 23306 1
255 163 613 625 24494 2
320 298 1002 1022 22828 7
340 214 778 787 25481 1
39 366 834 836 22506 4
56 262 388 403 25506 2
135 74 731 743 20353 6
236 41 384 385 24724 10
71 281 1347 1362 25439 7
76 321 1264 1274 22538 10
219 137 372 375 23306 1
211 8 405 416 21632 4
160 171 806 808 22291 10
211 8 258 262 23631 7
265 231 469 487 21518 10
56 150 126 134 20645 10
3 206 1436 1440 24159 5
200 200 635 643 23784 1
147 126 1163 1165 21976 9
114 115 1018 1019 23084 2
309 144 1287 1305 20000 5
225 181 957 959 23479 1
260 135 1030 1031 25653 10
77 34 523 534 23233 4
293 25 889 892 25717 8
273 163 176 189 22017 4
380 353 1178 1194 25302 8
390 397 570 580 24023 7
388 393 914 927 25155 1
40 64 969 989 20941 5
105 258 1223 1234 20185 5
140 314 1043 1060 26440 4
120 12 718 735 24516 5
190 174 275 281 21965 9
192 61 1369 1370 20984 8
276 306 584 590 20589 5
95 26 659 661 23672 6
144 300 269 283 21418 5
35 189 331 334 25751 7
162 339 363 376 26916 8
388 393 430 438 26930 8
210 18 739 747 22674 2
122 53 924 930 23228 6
320 6 737 744 21969 9
388 308 301 316 20517 10
83 29 888 904 20912 4
367 142 1144 1163 23535 10
219 218 691 707 21241 1
191 206 1087 1099 24784 6
163 6 254 266 26418 5
349 201 689 697 20084 5
285 327 163 179 24182 4
58 389 1312 1313 23057 3
275 263 824 843 20014 5
81 185 816 824 22027 5
33 72 661 671 22124 7
93 39 1065 1080 22379 8
390 350 573 588 25838 10
180 208 1406 1418 23269 10
375 190 642 658 22481 8
203 265 1007 1027 20308 9
310 137 976 981 22346 10
93 202 1093 1095 24934 3
213 358 1370 1385 25188 9
40 64 44 56 23390 5
306 333 117 130 25080 5
93 65 428 434 25046 9
211 95 851 870 22811 8
148 374 1182 1184 25690 3
262 74 715 718 20899 10
372 327 1347 1359 26750 4
323 339 483 491 23165 8
127 128 1333 1353 25142 8
343 330 510 514 24012 10