200
227 156 608 622 17562 42
338 40 481 495 15279 64
168 230 525 528 14608 66
67 191 1080 1086 15235 55
153 180 106 120 7797 83
377 391 1324 1337 19942 59
255 396 366 377 14010 135
255 396 542 549 18581 11
317 242 1009 1011 20766 195
230 199 542 549 18581 11
102 90 1272 1276 10029 131
146 373 681 698 9288 166
347 148 205 224 14889 65
38 289 388 405 21337 128
237 72 1260 1269 12446 71
256 136 30 47 11006 148
170 51 423 433 10239 128
333 128 64 67 9256 118
6 286 1266 1269 12942 134
22 72 1125 1139 5402 50
268 346 221 228 7146 146
251 214 519 529 9584 181
361 315 1347 1363 21139 173
377 137 1081 1099 17419 1
197 242 806 826 6285 162
190 302 250 257 19971 10
135 297 881 894 15098 57
315 99 1242 1260 16572 127
295 250 520 522 12086 148
37 285 896 899 10439 91
162 92 464 472 8742 190
377 348 251 262 14853 80
117 27 1114 1115 7720 192
10 44 1257 1268 12325 131
263 199 1371 1377 14263 121
199 29 813 817 15021 146
361 98 661 662 7718 149
145 286 850 861 5928 56
368 135 427 442 20281 93
81 347 358 377 17103 164
160 241 190 208 18046 199
215 389 591 610 9050 12
214 292 1326 1343 12142 126
319 87 1345 1351 15741 149
230 199 542 549 18581 11
375 117 85 105 15645 36
380 259 1371 1382 21726 56
277 157 123 141 12885 115
235 242 971 984 21645 118
59 135 1111 1115 9098 126
397 216 254 264 20675 41
400 20 24 26 5627 166
67 80 69 83 18743 55
215 373 161 173 18295 181
255 396 439 440 9581 7
255 396 838 841 13733 169
250 31 105 106 6688 167
92 146 931 942 12049 50
27 304 1385 1387 10298 24
230 199 542 549 18581 11
200 200 1189 1195 16945 21
200 200 1189 1195 16945 21
341 74 502 513 16514 152
75 155 190 193 13134 69
239 182 696 713 21239 21
73 67 177 182 17911 45
79 9 708 709 15003 20
214 170 152 165 16796 1
327 8 806 822 14973 172
191 279 1123 1133 10278 127
200 200 1189 1195 16945 21
228 283 956 964 10978 165
378 386 323 338 11499 38
372 163 927 942 6345 187
391 145 386 390 13474 173
4 355 1117 1136 13637 51
65 111 883 895 21786 27
1 206 1345 1350 12993 183
395 270 311 328 20890 159
208 18 1161 1166 21147 153
346 364 128 139 10919 192
399 225 1267 1282 20771 170
79 389 365 367 17960 90
195 237 310 329 8914 77
339 336 508 515 10622 157
255 396 363 369 10930 102
156 75 1416 1434 21979 89
248 179 545 559 6998 33
200 200 767 779 9852 93
346 104 235 251 8408 93
141 325 344 361 5849 10
46 155 1137 1149 9481 10
235 331 1187 1196 17595 81
200 200 1189 1195 16945 21
357 275 1373 1375 14275 39
217 56 520 533 20302 81
56 269 1267 1269 6065 69
232 324 594 613 10262 174
76 55 175 177 18242 11
141 175 1194 1195 10894 73
313 320 111 123 13864 165
44 122 1304 1321 17332 125
18 223 636 637 20564 189
256 287 498 507 21002 200
340 263 809 829 13203 60
291 343 670 687 12852 196
236 86 1007 1014 19800 16
195 237 303 312 18771 119
231 131 1368 1369 25405 140
381 177 397 413 21600 175
195 237 197 206 21311 189
132 37 904 919 10784 91
190 94 28 40 20972 45
315 375 884 888 16838 29
185 242 641 657 16454 110
200 200 761 778 18053 24
207 176 1072 1076 6879 95
368 280 486 503 16925 129
89 297 1010 1026 6497 117
17 128 1384 1399 8070 110
226 68 1364 1378 15333 67
200 200 42 43 12042 158
200 200 726 732 15015 149
394 93 1365 1384 6742 38
391 13 961 970 16136 142
17 116 179 197 6542 175
280 351 1019 1039 20995 98
287 27 339 345 20814 30
40 59 1103 1122 18335 145
205 346 611 630 17041 159
23 17 72 92 14655 23
103 134 1083 1098 17872 156
276 123 73 74 10648 38
357 51 852 861 21271 104
170 335 232 236 11317 75
286 385 193 203 11017 126
75 14 244 251 16417 44
168 367 1391 1396 17304 93
270 85 1030 1031 10645 163
178 361 1146 1157 18266 136
7 374 25 27 6264 32
279 153 134 147 12449 80
193 344 136 156 8343 55
142 227 1055 1057 21807 104
76 30 598 609 19056 172
158 131 762 764 15062 161
186 91 671 687 16456 141
119 237 77 92 11259 117
39 164 93 111 21485 22
350 113 650 653 18950 194
44 147 825 830 20770 26
150 120 1191 1200 6735 106
360 243 1054 1062 19722 129
85 151 155 163 5983 72
75 81 884 885 19053 134
208 304 1073 1080 12638 45
371 396 844 854 16277 163
239 285 897 907 16054 61
317 79 522 533 5538 67
42 110 301 319 17079 195
42 131 695 699 8044 120
321 262 1238 1240 19840 149
123 352 1295 1307 13148 165
244 7 25 43 14669 24
129 255 315 318 14352 121
330 327 281 288 18822 116
392 203 468 484 16885 65
122 270 870 877 18010 98
240 93 120 136 7797 160
286 42 900 907 12314 40
354 395 595 608 14342 99
48 289 1019 1039 20850 30
369 384 781 798 17744 63
259 2 503 515 17653 105
255 346 310 318 11182 34
301 244 776 788 18676 13
320 4 620 632 16247 177
263 372 199 207 21422 117
191 377 825 841 21610 117
185 373 1102 1116 19042 110
95 381 1288 1308 7211 119
98 306 831 841 10070 198
102 126 774 789 8231 6
85 109 836 851 8670 139
347 70 642 647 19374 167
175 68 801 818 12272 45
142 3 230 237 17368 67
117 344 167 186 10861 166
46 224 930 948 16084 112
244 99 896 897 20790 148
178 82 565 579 14168 45
327 152 852 858 14697 179
112 249 76 92 21883 116
99 95 1124 1130 14846 153
132 332 349 368 17263 150
281 62 619 627 17745 191
39 218 930 944 16753 174
292 32 725 729 18527 26
323 335 755 761 5622 5
165 71 848 853 6922 100