25
27 14 1036 1044 16769 304
96 306 129 1071 17809 1311
246 260 219 450 9221 1200
208 61 953 979 13869 487
277 67 656 1089 12192 784
302 204 555 893 24238 785
301 67 833 1389 24821 607
193 67 176 616 26691 1164
143 93 409 1172 17466 1031
381 123 242 1261 21299 1198
375 352 1109 1310 4386 331
227 41 197 865 24730 1143
120 34 1146 1386 11587 254
177 205 819 1359 2421 600
306 104 765 956 23073 600
321 243 84 347 10167 1356
325 44 1333 1371 324 107
93 391 549 1328 25468 891
329 230 581 867 22671 821
82 331 539 1353 10247 801
88 61 81 1258 9415 1300
313 206 1429 1438 18963 1
145 74 228 417 14963 1113
71 140 194 1427 12411 1146
276 11 71 556 13153 1269