60
179 241 369 387 18147 14
2 342 162 179 13441 18
7 288 443 448 10292 16
200 200 214 215 12599 8
18 278 204 223 18821 22
238 295 322 336 12569 23
9 292 263 265 12524 12
184 175 368 376 12003 9
167 243 1199 1204 19612 18
272 106 1407 1418 14829 12
346 113 360 371 11175 15
116 176 576 596 19496 1
200 200 950 957 13005 20
400 74 152 163 11796 10
400 74 1287 1298 15873 16
396 293 644 662 10243 10
284 65 486 502 12525 7
59 105 264 284 19642 9
315 155 493 509 11632 5
74 191 998 1008 16259 12
55 105 720 736 12261 10
396 32 49 51 13578 1
9 292 263 265 12524 12
9 292 263 265 12524 12
67 137 189 204 14238 3
400 11 742 759 14380 10
175 135 278 297 15289 5
25 28 1334 1336 13020 20
383 268 33 47 17949 11
383 268 49 60 14829 7
200 200 151 161 10008 6
200 200 214 215 12599 8
298 256 99 118 14747 23
80 285 1384 1385 18368 21
200 200 214 215 12599 8
271 397 480 499 11456 22
399 223 1233 1243 18284 18
47 106 556 571 19826 16
2 342 208 217 18137 9
138 128 1061 1068 10197 4
115 382 1033 1034 16949 6
274 389 1163 1165 15155 12
346 343 842 854 16027 2
330 182 592 597 17050 1
400 74 891 892 19743 9
236 99 791 811 17752 6
139 126 414 431 17425 11
26 73 483 497 13952 20
244 97 385 391 19057 12
275 288 393 397 17536 15
52 374 276 291 13109 1
58 284 1268 1284 19179 21
244 80 4 10 15669 18
383 268 148 161 12849 7
261 1 508 518 15373 7
2 342 208 217 18137 9
2 342 208 217 18137 9
69 314 639 644 18628 25
2 342 1365 1380 19182 18
383 268 1253 1271 16850 24