25
0 0 300 305 1000 100
400 400 1000 1005 1000 100
0 1 400 410 25 1
400 399 1100 1110 25 1
1 0 295 305 25 1
399 400 995 1005 25 1
205 240 0 1440 75 6
210 235 0 1440 75 6
215 230 0 1440 75 6
220 225 0 1440 75 6
225 220 0 1440 75 6
230 215 0 1440 75 6
235 210 0 1440 75 6
240 205 0 1440 75 6
100 100 0 800 75 6
105 105 0 800 75 6
110 110 0 800 75 6
115 115 0 800 75 6
120 120 0 800 75 6
300 300 500 1300 75 6
305 305 500 1300 75 6
310 310 500 1300 75 6
315 315 500 1300 75 6
320 320 500 1300 75 6
250 300 500 700 100 15