25
333 30 468 1066 2160 8
296 48 358 1081 1800 120
44 12 550 1350 2450 160
209 337 138 309 1380 200
156 259 98 407 740 24
200 389 526 1041 1890 16
148 355 269 567 1640 48
304 323 300 578 1620 224
84 149 245 757 1270 176
135 316 0 266 1330 208
70 238 158 632 1360 56
171 311 354 926 1150 160
77 356 517 1255 1990 152
203 63 188 669 1380 8
373 104 463 1279 1980 104
381 297 61 350 2060 160
0 68 277 580 2400 40
263 96 463 927 1220 120
395 194 448 1264 1960 80
43 2 68 117 530 232
398 179 264 525 2000 176
168 82 248 634 1230 160
289 151 48 254 1020 48
308 49 78 455 1860 192
113 136 152 782 1090 88