200
372 279 385 749 1900 14
194 207 108 448 100 15
51 275 165 602 1670 11
22 178 199 501 1800 4
76 392 558 1135 2290 21
123 303 94 585 1290 3
95 44 539 1236 1890 28
88 50 471 1151 1880 17
309 290 496 1080 1420 27
264 64 584 1125 1510 29
282 228 23 326 870 30
193 47 23 454 1540 10
163 297 276 908 1040 15
35 27 427 969 2400 24
376 65 573 1278 2220 5
108 328 524 1047 1580 3
37 250 463 1249 1710 29
384 67 104 118 2280 13
39 59 58 272 2150 18
379 238 457 936 1830 13
251 184 504 1361 540 3
399 252 599 1393 2060 15
280 398 257 774 2140 15
234 72 318 736 1330 20
150 382 205 763 1890 24
355 255 98 329 1650 12
242 340 1 372 1470 28
243 164 219 897 570 16
313 48 253 414 1900 10
240 346 543 1207 1520 9
5 175 565 1065 1970 28
132 84 206 630 1350 12
334 4 581 1335 2380 7
213 319 501 1359 1200 8
13 180 40 203 1890 8
19 165 201 689 1850 2
6 288 275 595 2140 15
102 214 148 441 990 25
263 381 9 53 1920 23
331 162 115 402 1370 5
187 266 101 538 680 24
24 127 465 934 1910 1
152 23 371 730 1840 25
151 310 114 657 1210 10
283 259 455 939 1020 11
220 49 208 848 1530 27
155 122 277 747 910 30
172 369 114 164 1720 25
389 183 580 1273 1900 14
12 197 574 1369 1890 22
325 110 499 1000 1550 11
272 339 423 1283 1570 23
249 338 545 1099 1470 3
268 9 108 121 2030 6
200 364 374 754 1640 18
363 92 505 1363 1960 25
394 257 115 464 2030 4
265 144 523 1046 860 15
322 146 588 1008 1340 11
247 284 304 668 970 18
395 101 148 394 2190 2
304 391 249 551 2180 23
52 353 283 711 2130 20
153 66 78 402 1430 8
260 38 229 630 1730 15
14 85 400 755 2190 30
100 21 574 1327 2060 19
383 170 276 911 1860 28
57 244 263 528 1500 10
137 215 475 1178 650 11
256 373 38 364 1820 3
160 114 72 315 950 14
393 366 58 307 2550 26
3 157 2 404 2020 24
223 118 553 1319 860 3
368 112 89 394 1900 11
199 15 547 1391 1860 15
239 31 271 514 1740 18
126 46 358 771 1710 29
206 222 264 1021 230 29
333 129 297 564 1510 7
179 371 211 356 1730 30
343 201 135 584 1440 18
96 188 433 1198 1050 2
78 227 310 1035 1250 12
33 216 229 858 1680 16
248 192 500 1139 490 17
32 291 398 1162 1920 29
120 98 336 874 1300 9
317 276 324 596 1400 28
134 169 202 473 730 22
273 97 152 397 1270 4
87 295 9 180 1480 19
99 30 306 940 1980 19
375 397 183 403 2640 19
229 74 20 245 1300 12
246 80 370 1097 1290 19
115 230 470 1386 910 29
400 359 257 458 2560 21
61 136 55 130 1540 20
301 294 483 1232 1380 27
218 318 578 1171 1200 23
354 174 52 149 1570 24
269 315 528 1328 1350 8
43 41 294 522 2240 22
121 337 359 752 1590 12
326 167 304 576 1310 12
261 196 207 915 620 24
70 298 561 1094 1630 20
159 82 228 497 1250 23
34 341 208 464 2180 10
278 83 84 495 1410 22
53 25 81 172 2290 5
321 191 480 1314 1220 6
113 168 64 420 930 5
109 77 292 1025 1540 5
237 285 532 1349 930 22
20 93 573 1319 2100 2
1 299 38 369 2230 23
293 117 254 670 1250 28
104 327 203 545 1600 10
344 396 250 637 2440 18
60 226 308 559 1430 24
142 302 24 113 1180 7
133 147 301 637 860 1
40 378 28 242 2400 27
307 7 65 77 2210 10
202 111 266 976 900 14
312 350 164 238 1880 9
217 332 26 151 1340 15
390 311 288 637 2210 5
89 357 220 464 1930 5
79 161 489 1063 1280 17
45 68 407 1170 2040 27
17 91 248 759 2140 11
173 306 362 785 1100 11
305 241 399 1140 1130 16
125 323 131 267 1450 24
166 289 491 1040 960 3
11 342 204 608 2370 25
258 141 85 301 830 22
10 274 90 114 2040 22
335 219 349 1099 1370 10
130 320 452 1333 1390 6
138 360 232 607 1720 24
55 42 590 1244 2150 22
154 106 455 1395 1050 15
75 58 585 1334 1900 11
2 0 597 1104 2820 27
281 8 587 1369 2090 13
86 377 513 1370 2110 22
62 253 330 668 1480 15
177 63 320 783 1390 25
176 176 455 1175 340 19
105 119 590 1331 1250 30
210 267 543 1225 680 12
330 36 382 660 2100 7
336 135 463 866 1510 17
54 149 101 307 1550 30
236 387 207 809 1910 23
254 262 384 1159 830 29
231 185 493 1371 350 22
107 286 395 733 1270 18
171 221 152 514 360 28
386 300 488 1045 2120 1
370 365 280 575 2370 3
277 18 14 355 1980 27
186 29 114 276 1720 30
116 16 143 580 2030 30
308 224 393 813 1110 13
351 324 77 203 1960 11
69 225 120 330 1340 2
385 232 15 368 1880 11
90 347 115 587 1840 11
73 292 213 626 1570 23
139 156 0 399 760 30
270 271 24 263 1000 13
203 26 464 998 1750 15
362 56 482 920 2170 22
374 235 190 323 1780 14
345 388 241 416 2380 30
349 190 468 895 1500 18
209 195 358 987 110 22
182 28 92 285 1730 19
348 361 43 205 2190 21
140 81 0 268 1340 9
94 358 400 723 1910 8
211 296 263 593 970 18
71 329 97 315 1830 23
245 103 482 1306 1070 8
316 367 48 150 2040 9
205 233 268 601 340 21
189 352 314 1033 1530 2
143 145 357 901 800 16
208 380 288 498 1810 29
124 148 83 141 930 19
198 158 446 1126 430 2
128 212 109 519 730 25
356 131 470 1191 1710 15
181 204 401 1329 200 17