200
255 112 227 791 1040 1
26 175 222 812 1760 14
3 378 73 399 2660 3
196 69 24 373 1320 14
315 231 437 1048 1200 21
384 304 562 1384 2120 20
65 90 340 668 1750 18
339 20 21 279 2280 21
334 158 316 912 1410 3
216 190 313 757 190 4
224 130 551 1146 740 30
98 244 205 559 1120 27
12 249 219 764 1950 6
166 1 217 811 2020 30
242 152 497 1316 640 20
178 367 480 882 1690 11
28 139 407 762 1830 4
272 118 485 1312 1100 9
49 319 436 904 1930 11
63 217 359 979 1390 9
350 386 598 1382 2390 22
154 86 373 989 1230 17
260 93 1 246 1230 17
191 173 473 1218 290 17
45 142 30 297 1660 27
264 205 327 792 650 17
331 250 26 282 1410 26
76 52 560 1099 1940 5
302 116 173 552 1330 18
261 225 431 1390 660 18
320 204 563 1379 1210 19
113 218 15 430 890 7
180 228 93 558 350 26
165 240 533 1173 540 17
138 82 487 920 1340 26
288 300 463 1287 1340 21
289 10 452 1072 2100 14
391 256 303 532 2000 28
195 372 534 1370 1730 3
101 54 538 1348 1770 9
383 104 524 1315 2070 16
317 60 180 545 1830 1
354 29 492 1036 2310 3
144 70 77 191 1420 27
265 329 337 750 1450 19
253 274 39 142 920 5
382 345 109 403 2330 3
385 211 380 771 1860 27
208 286 106 595 870 9
387 77 210 541 2240 21
276 299 52 366 1250 21
17 134 108 523 1950 13
335 373 164 478 2200 20
88 309 81 177 1570 18
194 284 335 1107 850 6
32 246 374 1113 1750 9
269 73 364 678 1450 27
321 168 466 1343 1260 30
128 333 80 400 1520 17
394 140 481 1069 2040 26
174 280 161 758 850 9
230 348 414 1204 1520 8
393 151 46 71 2000 23
294 306 271 812 1420 13
349 296 579 1261 1780 14
40 167 50 196 1640 1
277 121 270 817 1110 20
262 397 316 1019 2070 3
122 341 404 900 1620 9
179 182 207 476 280 15
61 257 519 1383 1510 30
126 297 82 504 1230 22
16 136 29 397 1950 24
96 48 595 1396 1850 19
279 197 50 419 800 28
213 392 597 1099 1930 11
72 327 107 429 1810 27
95 30 481 1301 2000 10
270 353 35 203 1690 15
31 50 589 1394 2260 20
171 209 448 1149 310 7
380 347 210 560 2330 26
55 163 522 1060 1500 17
381 157 393 1090 1870 15
53 287 455 979 1710 22
221 301 460 1212 1040 2
340 241 87 361 1460 11
227 222 287 935 350 16
131 13 399 770 2000 26
186 395 36 198 1960 3
123 358 28 55 1760 19
57 9 562 1039 2390 7
188 219 551 1368 230 30
365 58 253 416 2180 29
363 374 563 1139 2390 24
155 229 316 686 540 18
337 295 338 607 1670 3
79 235 409 848 1260 22
62 87 193 562 1790 19
39 368 445 914 2330 18
233 193 118 226 340 27
189 7 247 860 1940 11
97 11 362 813 2160 26
258 18 437 1175 1920 8
85 307 466 994 1580 30
143 371 251 672 1810 13
100 185 366 1125 1020 13
207 119 38 54 820 9
199 352 97 355 1530 3
239 202 350 996 400 24
109 351 319 1024 1770 11
27 313 279 659 2070 26
305 318 91 412 1580 8
115 6 103 404 2120 30
169 212 39 430 340 26
108 266 252 755 1140 13
268 215 474 1077 700 21
314 0 347 1017 2310 7
107 210 595 1223 940 8
377 56 96 147 2290 29
43 223 21 272 1590 25
234 80 538 1182 1250 15
75 35 204 762 2080 5
328 92 32 336 1680 27
346 99 500 1257 1780 22
281 66 393 949 1570 15
160 132 12 203 790 1
237 236 219 799 520 9
184 22 90 243 1790 19
146 111 562 1353 1050 24
370 74 69 295 2120 1
125 200 402 1215 750 20
42 267 43 231 1720 14
44 47 18 232 2190 17
311 110 448 1163 1430 25
81 33 266 814 2060 23
117 38 53 286 1830 15
129 34 177 697 1810 24
36 114 428 1071 1860 15
183 137 492 1370 660 19
181 293 113 211 950 21
357 316 116 243 1960 5
172 153 145 797 550 28
325 376 291 906 2160 7
41 343 169 273 2140 26
67 149 24 286 1430 13
127 161 400 860 830 7
159 310 375 1197 1180 23
206 324 396 946 1250 1
15 187 591 1376 1860 5
271 254 391 783 900 15
338 133 210 800 1540 22
2 150 268 910 2050 20
292 226 9 461 960 12
252 400 201 389 2070 18
89 145 560 1007 1240 2
37 245 159 681 1700 12
51 105 143 454 1770 14
64 290 533 1390 1640 3
259 94 443 1276 1220 15
248 141 176 494 770 14
356 273 380 724 1730 30
192 344 334 983 1450 16
162 389 427 1049 1930 2
214 396 354 764 1970 3
135 251 37 379 830 9
21 5 539 1154 2650 21
102 364 88 421 1920 23
84 198 389 848 1170 5
247 275 581 921 890 22
46 369 563 1282 2290 15
361 124 107 166 1790 18
278 285 302 705 1160 27
291 398 349 620 2180 16
375 120 573 1169 1930 25
366 243 169 477 1720 22
103 322 462 1289 1560 8
362 176 168 440 1640 27
23 283 216 416 1960 17
312 24 198 382 2090 20
83 201 546 735 1180 4
379 263 282 874 1900 3
399 59 421 840 2440 22
359 330 302 981 2060 2
68 303 263 791 1680 8
164 342 247 458 1470 16
282 238 144 420 910 14
298 78 170 366 1570 30
4 326 122 317 2340 3
148 106 197 561 1080 17
203 156 288 900 450 5
71 390 590 1169 2300 14
91 25 43 212 2070 6
388 19 596 949 2610 1
355 14 344 853 2430 1
177 232 0 450 400 21
308 220 3 395 1100 20
147 360 558 1193 1690 7
8 8 399 694 2720 4
323 170 327 774 1270 8