25
196 232 498 1331 330 104
227 131 310 669 750 24
382 52 412 968 2350 32
269 152 347 1067 850 224
292 137 178 790 1120 80
127 186 352 1050 750 184
219 228 486 1246 340 216
128 141 254 561 940 224
296 363 581 1332 1900 104
266 315 324 1019 1330 192
75 356 477 949 2000 120
310 333 415 907 1730 80
65 214 105 336 1360 144
113 316 541 1289 1450 216
13 319 262 655 2220 224
200 355 494 1317 1550 56
277 178 317 958 810 104
377 40 361 888 2390 32
46 311 590 1324 1900 216
285 17 25 330 2020 144
80 399 200 577 2330 208
43 281 398 738 1770 32
38 28 58 105 2370 216
222 60 481 1011 1420 184
242 170 285 754 520 160