60
100 100 500 501 100 10
100 110 520 521 100 10
100 120 540 541 100 10
100 130 560 561 100 10
110 130 580 581 100 10
110 120 600 601 100 10
110 110 620 621 100 10
110 100 640 641 100 10
120 100 660 661 100 10
120 110 680 681 100 10
120 120 700 701 100 10
120 130 720 721 100 10
130 130 740 741 100 10
130 120 760 761 100 10
130 110 780 781 100 10
130 100 800 801 100 10
140 100 820 821 100 10
140 120 850 851 100 10
140 110 870 871 100 10
140 130 900 901 100 10
150 130 920 921 100 10
150 110 950 951 100 10
150 120 970 971 100 10
150 100 1000 1001 100 10
160 100 1020 1021 100 10
160 120 1050 1051 100 10
160 110 1070 1071 100 10
160 130 1100 1101 100 10
170 130 1120 1121 100 10
170 110 1150 1151 100 10
170 120 1170 1171 100 10
170 100 1200 1201 100 10
200 205 0 1440 25 20
200 210 0 1440 25 20
200 215 0 1440 25 20
200 220 0 1440 25 20
200 225 0 1440 25 20
200 230 0 1440 25 20
200 235 0 1440 25 20
200 240 0 1440 25 20
200 245 0 1440 25 20
200 250 0 1440 25 20
200 255 0 1440 25 20
200 260 0 1440 25 20
200 265 0 1440 25 20
200 270 0 1440 25 20
100 200 0 1000 50 20
100 205 0 1000 50 20
100 210 0 1000 50 20
100 215 0 1000 50 20
100 220 0 1000 50 20
100 225 0 1000 50 20
100 230 0 1000 50 20
100 235 0 1000 50 20
100 240 0 1000 50 20
100 245 0 1000 50 20
100 250 0 1000 50 20
100 255 0 1000 50 20
100 260 0 1000 50 20
100 265 0 1000 50 20