60
143 332 405 1098 1440 30
271 82 93 561 1380 86
308 183 463 976 1100 53
74 9 249 435 2290 100
128 206 418 934 730 23
320 336 81 398 1820 73
152 313 20 26 1230 66
150 179 218 436 550 3
396 221 39 396 1980 73
361 219 180 686 1630 46
347 84 376 695 1880 16
190 230 561 1150 320 56
60 382 494 1027 2300 46
58 89 377 1149 1810 23
1 367 289 803 2600 46
265 105 542 1333 1160 20
358 208 308 650 1590 10
114 145 138 428 1030 16
288 300 203 564 1340 93
196 201 549 1156 50 30
109 54 350 716 1730 83
163 96 24 193 1110 96
99 37 323 681 1920 16
291 205 234 552 920 50
13 47 119 151 2420 13
123 44 582 1301 1740 73
392 375 21 150 2600 83
381 56 551 1135 2320 93
273 30 432 886 1860 93
344 110 257 919 1700 3
325 295 349 994 1580 53
213 185 552 1128 200 13
233 287 336 959 940 66
227 137 25 77 690 50
379 93 140 400 2090 93
346 346 535 1357 2070 70
296 245 533 1208 1070 83
334 161 346 908 1400 100
61 389 338 598 2350 30
371 90 229 459 2040 13
251 366 318 1010 1740 36
166 341 214 667 1460 6
268 14 147 413 1990 3
362 69 530 1151 2090 43
63 305 55 167 1730 96
223 112 249 806 910 53
198 138 467 969 630 83
126 234 233 551 820 33
284 29 95 239 1910 23
387 53 40 197 2380 26
20 385 54 157 2590 33
26 337 155 635 2220 96
356 292 471 886 1820 23
258 225 298 1105 640 20
299 393 542 1036 2170 60
19 125 371 1135 1960 50
294 66 227 429 1640 83
304 167 453 1131 1100 96
212 103 417 1267 980 90
298 306 428 1052 1450 96