60
362 79 561 1384 2030 13
89 37 470 1321 1980 93
100 157 305 902 1090 36
288 175 161 601 920 43
5 169 104 599 1980 6
284 319 86 157 1460 36
200 397 257 735 1970 96
61 33 380 979 2180 80
178 115 560 1392 880 46
263 250 160 731 810 93
146 27 496 1397 1820 46
122 152 406 785 920 40
121 145 3 275 970 63
374 23 512 1198 2490 90
25 143 320 988 1850 33
22 117 199 378 1970 30
382 335 92 273 2270 76
12 352 467 960 2420 60
290 350 578 1360 1750 60
324 391 543 1212 2280 30
294 251 529 1199 1070 76
106 195 125 569 950 56
43 205 458 1265 1580 93
116 66 581 1370 1590 40
219 113 304 1006 900 10
156 275 250 703 870 33
182 59 550 1262 1430 36
14 369 288 535 2520 53
7 370 51 412 2580 50
162 172 493 1001 480 23
6 286 537 1108 2130 53
18 24 79 402 2540 40
384 31 162 276 2500 50
67 135 522 1217 1490 93
253 212 247 908 550 63
142 48 547 1348 1630 40
276 198 527 1379 770 26
86 102 1 266 1510 10
87 8 187 685 2230 96
126 20 561 1033 1950 6
91 17 79 305 2140 20
84 383 38 434 2170 90
307 270 160 614 1280 80
344 342 373 657 2030 90
105 289 427 1210 1310 60
159 346 401 1103 1520 83
127 357 495 1376 1740 10
261 62 423 1226 1510 86
321 203 124 295 1220 93
180 327 429 1089 1290 16
325 110 344 1044 1550 56
39 109 265 684 1850 60
343 165 196 417 1480 43
15 314 187 533 2180 83
2 188 242 783 1990 10
128 82 155 721 1390 46
249 298 436 1050 1100 90
125 229 582 1318 810 46
366 149 250 881 1740 10
389 283 422 1046 2070 50