200
54 233 150 300 150 27
5 0 280 560 280 12
258 157 73 146 73 4
177 185 28 56 28 7
377 58 227 454 227 1
353 88 190 380 190 23
151 308 119 238 119 11
345 393 242 484 242 15
381 341 230 460 230 26
328 198 129 258 129 6
137 122 101 202 101 24
102 398 221 442 221 12
172 354 157 314 157 9
33 234 171 342 171 18
2 383 270 540 270 29
180 62 140 280 140 16
264 248 80 160 80 25
297 284 129 258 129 2
51 347 210 420 210 21
99 23 204 408 204 19
400 146 208 416 208 16
306 173 110 220 110 23
272 97 126 252 126 7
296 11 212 424 212 4
94 303 148 296 148 26
144 75 137 274 137 11
394 89 224 448 224 4
164 210 38 76 38 30
28 309 204 408 204 15
292 318 150 300 150 21
301 76 160 320 160 14
330 300 165 330 165 22
6 104 217 434 217 6
324 322 174 348 174 28
41 29 234 468 234 12
279 395 211 422 211 13
361 225 163 326 163 7
207 298 99 198 99 29
121 351 171 342 171 25
291 245 102 204 102 5
369 31 240 480 240 11
66 138 148 296 148 2
175 232 41 82 41 12
267 275 101 202 101 13
352 15 240 480 240 26
356 307 190 380 190 3
107 221 96 192 96 19
399 385 272 544 272 19
192 235 36 72 36 5
333 43 206 412 206 12
319 13 222 444 222 21
57 79 188 376 188 27
334 243 141 282 141 10
27 196 174 348 174 9
365 4 257 514 257 3
174 375 177 354 177 23
59 253 151 302 151 16
242 65 142 284 142 4
205 69 132 264 132 8
290 285 124 248 124 3
200 231 31 62 31 10
280 344 165 330 165 27
162 155 59 118 59 1
274 184 76 152 76 23
22 147 186 372 186 15
73 387 227 454 227 4
349 362 221 442 221 23
140 373 184 368 184 3
72 201 129 258 129 4
350 50 213 426 213 10
209 254 55 110 55 21
153 165 59 118 59 13
128 26 189 378 189 30
194 170 31 62 31 12
312 81 164 328 164 13
182 294 96 192 96 17
112 124 117 234 117 21
125 360 177 354 177 22
115 197 86 172 86 25
67 127 152 304 152 4
161 326 132 264 132 5
391 141 200 400 200 22
214 8 193 386 193 20
295 160 104 208 104 27
105 186 97 194 97 1
189 325 126 252 126 5
1 386 273 546 273 4
211 168 34 68 34 3
30 171 173 346 173 25
367 55 222 444 222 9
346 336 200 400 200 21
150 331 141 282 141 30
335 95 172 344 172 17
25 236 179 358 179 18
216 278 80 160 80 8
241 7 198 396 198 22
70 152 139 278 139 11
287 380 200 400 200 19
117 251 98 196 98 9
382 265 194 388 194 3
108 277 120 240 120 13
19 85 215 430 215 17
332 338 191 382 191 11
21 271 193 386 193 24
159 202 42 84 42 5
321 343 188 376 188 13
273 93 130 260 130 15
359 145 169 338 169 10
129 60 157 314 157 5
299 282 129 258 129 26
188 64 137 274 137 20
179 255 59 118 59 26
61 87 180 360 180 19
305 313 155 310 155 17
314 110 146 292 146 12
215 379 180 360 180 21
388 17 263 526 263 29
228 77 127 254 127 10
302 32 197 394 197 18
56 289 170 340 170 3
44 163 161 322 161 5
226 357 160 320 160 17
218 199 19 38 19 6
320 244 128 256 128 28
74 372 214 428 214 16
224 203 25 50 25 17
82 40 199 398 199 21
100 220 102 204 102 13
208 130 71 142 71 9
37 36 232 464 232 7
339 206 140 280 140 25
310 340 179 358 179 19
39 78 203 406 203 10
227 212 30 60 30 19
90 348 185 370 185 5
106 91 144 288 144 30
139 149 80 160 80 25
257 123 96 192 96 18
126 371 187 374 187 26
237 12 192 384 192 27
250 230 59 118 59 19
355 374 234 468 234 14
52 240 154 308 154 13
247 176 53 106 53 1
114 101 132 264 132 9
384 136 195 390 195 14
397 14 271 542 271 9
370 178 172 344 172 2
204 261 62 124 62 22
195 229 30 60 30 9
368 213 169 338 169 18
390 86 222 444 222 19
133 16 196 392 196 3
154 392 198 396 198 3
83 304 157 314 157 6
166 193 35 70 35 28
300 200 100 110 20000 1
100 200 110 115 5000 1
101 200 115 120 5000 1
102 200 120 125 5000 1
103 200 125 130 5000 1
104 200 130 135 5000 1
105 200 135 140 5000 1
106 200 140 145 5000 1
107 200 145 150 5000 1
108 200 150 155 5000 1
109 200 155 160 5000 1
200 300 300 310 20000 1
200 100 310 315 5000 1
200 101 315 320 5000 1
200 102 320 325 5000 1
200 103 325 330 5000 1
200 104 330 335 5000 1
200 105 335 340 5000 1
200 106 340 345 5000 1
200 107 345 350 5000 1
200 108 350 355 5000 1
200 109 355 360 5000 1
99 200 500 510 20000 1
301 200 510 515 5000 1
302 200 515 520 5000 1
303 200 520 525 5000 1
304 200 525 530 5000 1
305 200 530 535 5000 1
306 200 535 540 5000 1
307 200 540 545 5000 1
308 200 545 550 5000 1
309 200 550 555 5000 1
310 200 555 560 5000 1
200 99 700 710 20000 1
200 301 710 715 5000 1
200 302 715 720 5000 1
200 303 720 725 5000 1
200 304 725 730 5000 1
200 305 730 735 5000 1
200 306 735 740 5000 1
200 307 740 745 5000 1
200 308 745 750 5000 1
200 309 750 755 5000 1
200 310 755 760 5000 1