200
66 76 123 144 1693 138
54 61 60 83 424 63
58 70 130 131 1728 77
58 57 92 98 968 111
81 63 119 125 1048 70
75 64 131 145 753 56
81 62 85 108 923 132
68 54 147 151 702 56
60 60 108 132 377 88
58 70 78 94 915 130
66 62 55 81 904 124
78 61 88 137 981 69
63 72 92 102 225 99
63 66 156 156 1901 92
63 74 128 145 484 79
81 67 80 86 310 137
59 75 143 147 137 118
72 57 92 136 350 64
63 63 128 151 675 108
57 66 55 56 871 56
66 54 128 146 1166 148
61 71 125 156 1177 148
70 75 86 124 1526 57
68 56 153 155 1861 120
73 74 111 149 1568 62
216 102 226 305 3063 577
125 179 282 654 12474 394
68 132 81 150 7179 463
115 210 341 715 7302 491
135 71 218 415 6914 321
240 191 196 590 6527 405
102 206 246 430 2767 718
246 146 245 557 12804 407
65 65 611 685 6494 609
178 118 112 132 881 185
131 131 177 399 9936 627
78 171 485 608 444 605
182 121 352 395 13442 416
120 90 203 566 10787 353
80 195 323 383 9527 106
118 63 255 436 11459 417
90 164 56 86 10026 170
241 151 408 528 1865 385
72 242 378 741 1552 138
243 196 268 442 11896 435
251 235 144 265 9803 746
117 203 189 218 1057 456
190 143 267 385 9638 511
242 76 154 625 3915 598
81 209 130 145 1812 200
212 111 170 229 12704 146
118 187 470 510 9568 80
160 105 154 219 8442 149
205 139 170 315 103 123
57 178 59 79 1659 604
251 238 91 458 8952 302
251 115 60 75 4324 441
101 68 59 85 11928 350
96 169 94 623 9137 647
91 201 309 563 4708 706
113 120 479 1381 13060 980
308 299 227 253 25117 1175
371 308 347 465 3890 779
366 183 372 401 3332 126
99 79 211 278 3877 1181
31 205 106 147 18371 688
150 169 49 287 26629 884
388 23 124 185 1872 808
160 98 296 478 20390 922
136 142 373 634 17303 1173
59 19 639 1268 24634 547
187 363 5 53 20751 831
106 391 634 730 14184 121
54 125 257 780 26767 902
193 40 622 1233 23481 848
112 314 33 1197 20168 1169
48 171 15 26 19733 1212
36 288 49 53 14441 1119
203 217 435 639 2321 1245
394 91 357 1432 21803 808
103 299 758 843 7397 517
160 130 219 466 25464 1436
56 329 1413 1425 25123 421
127 272 550 860 8676 245
227 79 457 702 6489 860
338 241 321 730 22323 207
299 178 1076 1107 19218 550
281 21 372 447 26568 1433
306 303 154 618 7896 318
64 221 638 1037 25681 947
328 19 520 1179 4181 1351
398 205 220 254 17851 75
94 59 138 953 15950 1375
105 299 358 530 21658 257
338 357 787 1150 16423 301
111 131 56 948 3671 338
115 105 98 472 21438 1394
293 326 604 683 6259 1238
393 390 151 197 7428 1241
193 384 29 62 11266 655
21 314 831 883 17264 1329
180 282 847 1160 8102 344
352 330 9 23 18885 786
2 156 455 493 20956 52
295 227 29 84 17132 1006
198 352 157 368 14711 531
86 89 51 70 19273 715
305 279 587 767 9980 173
7 367 84 373 21851 903
318 112 432 1049 21929 344
273 252 460 564 25895 921
193 286 272 929 20718 1090
193 292 214 1166 11037 1056
215 25 164 340 20641 117
193 7 40 1400 22946 125
81 319 157 770 20269 667
0 22 327 459 11258 249
314 284 217 1262 18181 801
388 279 241 308 17578 249
125 256 1007 1377 11269 588
367 69 259 1035 15013 403
24 164 558 1307 16595 639
81 389 40 396 11816 1202
395 382 195 413 23748 664
26 28 428 815 15971 226
291 26 37 198 23811 29
341 242 211 1030 8336 1430
360 12 1170 1243 9773 124
355 140 146 1332 22826 1232
20 70 217 1135 2729 848
39 89 10 25 20816 498
21 296 38 82 6011 599
121 352 205 766 21565 658
236 49 55 310 26522 372
93 240 72 229 4891 345
147 71 120 421 21291 1341
278 323 162 462 5780 593
224 379 50 382 24965 1397
161 353 85 1359 12018 382
188 197 96 1243 2902 1156
258 149 1121 1174 12426 786
153 146 127 559 8618 1164
43 32 314 820 15528 1221
81 237 305 1073 499 31
248 25 364 390 15431 31
72 70 10 115 6878 1195
303 232 1 28 27131 1200
237 234 135 1046 566 744
214 44 17 659 15034 847
298 206 301 314 8857 467
327 132 828 924 18064 322
151 33 687 1329 25326 649
10 154 352 371 3893 896
193 394 1378 1395 21883 548
212 276 924 1021 17612 879
51 131 17 157 12677 495
113 400 340 1168 23541 839
328 29 141 1074 21178 609
43 252 858 911 9527 1240
296 1 3 3 12409 96
322 287 709 735 12719 508
205 367 144 517 15226 981
202 0 179 219 21727 639
47 6 441 442 19810 733
210 238 82 767 6060 991
252 382 399 517 24878 730
132 128 399 1121 26029 1217
53 213 334 968 19228 1049
11 378 404 542 2487 1188
211 166 105 214 13082 865
312 268 678 819 18716 263
234 65 100 1437 19628 428
22 222 0 55 2350 1089
248 109 605 1065 15986 1100
85 335 72 888 20076 1137
55 180 376 762 5402 892
263 139 70 492 16581 499
197 377 1281 1354 10073 875
136 168 191 1338 20999 1074
293 255 157 1385 758 362
15 108 511 971 19994 525
355 135 258 1088 14016 399
167 272 196 583 2602 914
244 78 821 1215 6840 809
353 255 609 907 15566 791
351 87 32 73 22717 204
178 36 109 268 15114 1401
3 246 704 1218 1619 789
145 367 1033 1216 8286 1020
215 396 332 568 12863 738
254 173 250 784 3745 95
300 147 142 623 19700 1131
356 13 511 666 21641 151
257 70 108 119 10568 628
195 66 40 205 4414 1088
221 128 166 298 9239 1397
76 89 493 1188 42 1203
57 72 423 666 22087 717
347 249 68 973 17413 110
80 329 389 520 20804 746
