199
70 72 56 100 1142 140
73 65 81 103 1400 71
65 71 62 68 868 69
71 64 69 142 404 62
76 79 121 143 733 90
62 55 67 76 1232 79
59 54 98 132 335 126
75 77 62 128 1988 68
72 57 54 141 1168 106
75 77 101 106 992 79
75 75 54 125 482 56
82 82 82 89 768 56
54 82 54 156 54 54
54 54 54 156 96 55
82 54 54 156 89 75
66 58 111 139 61 75
69 58 104 132 56 71
71 58 107 139 55 55
74 58 118 125 89 54
60 68 54 58 55 54
65 80 89 132 86 56
77 80 54 156 69 55
80 78 54 156 69 55
80 69 125 156 196 69
123 93 466 752 12018 479
54 195 410 736 10419 376
217 180 500 605 75 673
98 229 289 312 11008 310
90 206 303 604 4666 757
54 196 177 481 12034 699
212 114 216 740 8537 484
112 115 384 742 8843 192
60 136 75 90 5923 590
151 196 211 342 7673 736
180 164 430 661 4860 303
139 73 426 437 2889 583
243 61 350 401 11602 763
254 79 241 337 7385 564
203 200 742 769 6919 172
148 97 172 640 12178 388
202 92 190 197 90 475
77 244 100 146 1333 705
241 186 71 74 5595 175
65 190 282 427 9225 70
85 56 60 202 1085 571
253 186 207 302 3651 354
109 221 610 763 5687 541
215 178 105 643 4530 581
147 160 682 689 13294 262
252 80 238 741 10554 425
140 101 216 414 5581 201
163 85 83 85 5304 382
191 150 213 252 10821 302
153 171 84 89 12386 610
95 158 183 645 10422 341
82 208 123 273 11728 422
169 63 87 421 10652 243
245 209 481 586 5991 755
128 77 161 170 6300 400
328 280 136 285 12503 115
231 219 24 224 19060 1386
78 142 23 788 25992 788
222 189 42 344 4202 1238
185 9 491 1389 15111 1043
333 230 105 556 13808 1039
20 82 1068 1128 3685 523
52 304 636 1014 26528 678
181 167 88 312 17189 1271
210 195 819 1201 8426 149
27 23 205 881 16430 608
265 162 1237 1420 20274 1066
368 247 157 466 14157 436
94 186 1030 1054 273 1172
334 9 169 1196 21238 663
182 106 207 216 3123 787
396 165 949 1230 16535 929
299 248 633 1146 9081 344
198 258 533 833 19124 961
143 103 185 853 23734 71
265 389 3 8 2117 206
385 202 164 306 21877 1114
124 146 954 1208 13938 621
221 70 7 216 23701 750
66 206 92 816 4297 770
177 73 10 15 3060 423
185 283 674 898 12967 458
182 365 2 8 19063 130
94 397 440 774 10260 1420
381 379 130 550 3860 1073
200 329 122 469 17468 565
44 44 1 1086 24404 975
17 291 549 1071 3645 7
248 187 801 868 13607 799
105 356 49 471 3501 97
225 188 142 554 20872 1343
312 252 59 177 15676 828
251 75 1087 1201 3669 1314
66 221 488 491 18117 880
137 341 664 1212 12131 731
290 107 187 486 6069 1218
247 50 147 302 15992 1059
205 314 842 1049 24551 1081
204 392 56 412 22315 502
277 235 308 911 8447 681
335 77 185 434 19641 1015
201 94 552 906 6576 184
381 154 308 312 25008 395
319 182 542 984 2894 687
104 318 624 748 27141 125
10 281 790 831 24851 1024
158 123 590 851 22566 389
244 80 227 523 15551 1187
384 373 100 705 3988 1414
109 287 676 1428 17365 381
320 120 472 817 9402 535
336 118 274 1055 16533 176
46 199 172 560 7421 320
314 382 81 131 3390 634
16 284 170 294 17319 751
269 48 68 137 15633 48
366 360 30 1024 10001 218
287 184 406 763 15577 443
273 194 53 544 5967 28
24 327 25 493 24106 1098
300 350 1299 1320 25516 243
394 136 168 206 1512 314
34 160 125 216 12830 697
362 83 72 880 967 369
384 118 37 88 22549 1144
122 353 612 645 4077 1177
147 52 297 623 15880 846
304 26 335 760 5135 507
336 56 348 405 1354 1000
388 140 654 1031 21679 121
324 11 6 1071 22740 1051
310 40 30 1006 24390 937
34 50 174 1354 16596 1256
300 292 126 1045 26650 1159
49 115 329 479 686 270
86 49 430 1126 14045 510
136 137 303 349 4114 1139
331 69 2 11 20557 220
61 241 342 868 26880 1209
57 256 375 534 13955 768
249 257 385 1373 13290 992
380 156 117 593 14300 1182
161 25 68 378 2040 621
45 97 235 501 6005 132
199 203 333 721 11193 614
216 72 935 963 2339 175
355 131 384 671 1064 134
245 295 620 980 24717 310
262 182 223 348 4858 569
358 254 444 956 21154 196
144 227 3 14 24951 125
63 16 634 675 27005 285
384 398 109 177 10081 1359
159 349 46 212 10938 1088
309 27 63 1338 7288 183
112 255 94 258 20064 338
177 388 454 565 20003 73
71 396 273 302 1494 739
255 286 837 1345 25825 975
354 223 14 1052 5674 213
205 319 1070 1210 17522 417
215 38 88 219 3545 494
92 330 241 246 1384 439
327 150 22 467 5673 48
72 359 159 1272 2031 121
182 233 331 404 14802 497
96 234 458 532 12847 801
141 229 728 1284 17053 1073
164 293 182 991 17661 286
305 60 34 842 19796 470
369 56 280 328 10659 872
351 61 1121 1429 750 1406
32 68 867 1008 18793 1251
309 217 210 284 24595 301
1 259 115 159 7433 18
395 342 115 139 5659 377
396 387 451 853 9210 1219
72 140 523 1431 7691 1108
55 356 617 1236 26189 1390
139 211 296 369 19688 1099
201 259 581 1158 13022 1332
178 269 102 131 17510 1087
336 271 178 269 19596 677
1 129 1172 1316 3687 1065
62 129 463 1231 15550 226
290 325 423 492 25296 692
81 52 277 530 2303 940
343 190 639 1038 1737 274
209 11 433 550 15437 465
399 102 153 566 20537 832
221 229 137 612 13240 895
232 144 127 1265 20198 46
392 137 279 634 10518 314
119 18 587 890 5439 520
262 158 94 190 16563 1190
