59
33 37 5 93 2177 172
39 23 54 98 2693 35
23 35 17 28 1628 30
34 21 30 176 700 16
44 51 135 178 1358 72
16 3 26 45 2356 51
11 1 89 157 563 144
43 47 17 148 3869 28
37 6 1 175 2228 104
43 46 94 105 1877 50
42 42 0 142 857 4
57 57 57 71 1428 5
0 57 0 205 0 0
0 0 0 205 85 2
57 0 0 205 71 42
25 8 114 171 15 42
30 8 100 157 5 35
34 8 107 171 2 2
41 8 128 142 71 1
12 28 0 8 2 1
22 52 71 157 64 4
47 53 0 205 30 2
52 49 0 205 30 2
53 30 142 205 285 30
138 78 825 1396 23928 850
1 282 713 1364 20730 644
326 253 893 1103 42 1238
88 351 471 517 21908 513
72 304 499 1100 9224 1406
0 285 246 855 23960 1291
317 120 324 1372 16967 861
117 122 660 1376 17579 277
12 164 42 72 11739 1073
195 285 315 577 15239 1365
253 220 752 1215 9613 498
170 39 745 766 5670 1058
378 15 593 694 23096 1418
400 50 374 566 14662 1020
299 293 1376 1430 13730 237
189 86 237 1173 24249 669
296 77 273 287 72 842
47 381 93 184 2558 1303
375 264 34 41 11082 242
23 273 456 747 18342 33
63 4 12 296 2062 1035
398 264 306 497 7194 601
110 334 1112 1418 11266 974
323 248 102 1179 8952 1054
187 212 1256 1271 26481 417
396 53 368 1374 21001 742
173 94 324 720 11054 294
218 63 59 62 10501 657
274 193 319 396 21534 497
198 235 60 71 24665 1113
82 209 259 1182 20736 575
57 309 139 439 23349 736
231 19 67 734 21196 379
383 311 854 1065 11874 1403
149 47 215 233 12493 693