60
25 44 138 181 3279 169
1 14 12 58 741 19
9 33 153 154 3349 47
9 7 76 88 1828 114
54 18 131 143 1989 33
42 21 154 183 1398 5
54 17 63 108 1738 157
29 0 186 194 1296 5
13 12 109 157 647 69
8 32 49 81 1722 153
24 17 3 55 1701 140
49 14 68 166 1854 31
18 36 77 97 343 91
18 25 204 204 3694 77
19 40 149 182 860 51
55 27 52 65 512 166
10 42 179 186 167 128
36 7 76 165 593 20
18 19 149 195 1243 108
7 24 3 5 1634 5
25 0 149 185 2224 188
15 34 143 205 2247 188
33 42 65 140 2944 7
28 4 199 202 3614 133
38 41 115 190 3028 16
325 96 344 502 6019 1046
142 250 457 1201 24840 681
29 156 55 193 14250 818
122 313 575 1322 14496 875
163 34 328 723 13720 535
372 274 285 1072 12947 702
96 304 385 753 5427 1329
384 184 382 1006 25501 707
23 23 1115 1263 12881 1111
248 128 117 157 1655 263
155 154 247 690 19765 1146
49 235 862 1109 781 1102
256 134 596 682 26777 725
132 73 299 1025 21467 598
53 283 539 658 18947 105
129 18 403 764 22810 727
72 220 4 64 19944 233
374 195 709 949 3623 663
37 377 649 1375 2996 169
379 284 428 777 23685 763
395 362 180 423 19499 1385
126 299 270 328 2007 804
272 178 427 662 19168 914
377 44 201 1142 7722 1088
55 311 153 182 3517 292
317 114 233 351 25301 185
129 267 833 912 19029 53
212 103 201 331 16777 190
303 171 232 522 99 139
6 249 11 50 3210 1101
394 368 75 809 17797 497
395 123 12 42 8540 775
94 28 10 62 23748 592
84 230 80 1139 18166 1187
74 295 510 1018 9308 1305