60
347 35 126 198 2066 0
373 100 41 209 2330 50
364 21 35 258 2851 63
352 54 22 389 2531 48
343 58 241 292 1314 51
386 15 112 186 1554 58
346 96 156 472 2694 36
390 2 471 705 2595 7
62 302 2 340 25114 524
377 100 256 764 1167 60
393 25 467 481 2970 26
359 68 318 365 1544 0
348 48 95 272 1332 55
355 45 133 244 2266 7
55 384 1323 1411 5788 19
23 390 894 1199 5956 13
3 381 353 503 6039 17
49 312 787 1057 6623 41
16 326 1082 1093 5392 49
40 321 137 854 4691 42
21 354 482 926 5299 33
53 399 502 982 5053 64
56 325 340 880 413 2
56 370 402 1143 416 4
32 366 142 460 318 5
51 382 3 864 174 0
23 364 732 1104 73 4
34 370 423 696 94 10
50 323 809 886 379 2
337 112 0 100 26321 513
49 377 143 427 64 10
33 383 343 439 448 5
48 327 834 1348 169 2
51 322 458 710 289 11
4 352 204 457 133 13
56 308 401 825 66 8
51 343 165 1124 309 4
3 327 1041 1392 167 9
28 367 395 403 448 5
337 23 235 362 182 11
378 73 268 380 67 6
346 87 229 341 138 8
378 98 118 147 234 7
393 8 216 463 155 5
400 19 552 641 259 15
342 79 34 206 160 4
351 101 191 449 66 8
350 89 108 276 206 3
378 108 271 416 259 2
359 35 14 223 15 3
377 27 142 159 208 0
352 75 134 230 211 15
345 90 455 667 4 3
348 31 248 288 41 6
398 42 254 548 58 14
395 66 321 450 94 9
380 44 100 127 251 13
342 41 500 732 123 12
354 27 410 510 50 4
339 28 124 229 28 13