186
382 60 680 794 1801 21
388 90 166 372 1041 45
325 49 100 274 1034 46
393 8 137 455 2467 59
345 86 447 596 2610 35
355 94 156 193 1795 35
361 14 49 326 1314 57
362 87 64 367 1132 29
357 44 159 575 2028 12
383 101 373 624 1973 13
336 42 185 240 2351 3
361 48 188 355 2362 61
375 91 137 213 2293 74
362 24 195 210 1417 20
333 95 448 715 1334 37
395 100 59 206 1719 29
367 71 644 739 1557 56
331 24 170 612 1620 20
326 67 175 768 2015 31
352 22 563 607 2228 10
339 47 39 575 2406 27
23 352 60 607 4381 17
56 315 941 1095 4014 34
14 364 1052 1138 4022 65
52 297 571 988 5138 17
7 354 296 736 4643 39
70 323 3 660 4442 26
18 362 645 1232 6718 20
49 301 731 1062 4016 65
2 304 165 1391 5712 73
71 309 521 624 6426 55
13 310 10 786 4962 40
51 375 202 1036 4971 34
13 384 462 908 4024 9
55 307 874 1170 5403 67
18 331 27 1199 5458 4
53 328 328 453 4137 36
37 351 176 720 6393 19
62 372 200 484 320 10
17 316 246 1278 29 9
67 301 487 566 299 2
37 342 350 648 417 11
30 326 762 1109 454 5
65 352 349 857 484 1
52 355 301 554 437 12
4 303 1021 1041 442 13
55 307 542 552 198 4
66 306 421 430 307 9
57 324 141 409 100 0
48 371 171 802 57 7
71 358 156 1354 47 2
39 374 184 1068 260 13
27 303 578 1180 204 3
44 353 0 886 499 15
49 305 1008 1024 485 4
28 375 1335 1351 128 2
41 389 560 705 216 13
44 380 89 479 484 14
49 321 546 598 306 2
37 376 739 1060 71 13
21 389 77 1372 53 8
31 328 270 747 100 0
33 343 248 553 221 14
27 318 282 1004 100 5
62 360 268 391 18 3
18 351 617 801 339 11
45 384 702 973 456 15
52 399 533 682 229 0
325 103 0 107 27103 514
68 398 503 953 334 5
8 393 45 1433 167 14
12 359 175 1121 338 15
62 351 14 952 95 12
57 376 1009 1073 189 1
45 380 353 736 271 15
58 325 691 1327 161 7
54 314 35 532 477 15
47 366 567 863 374 9
67 378 1367 1407 198 9
59 332 734 801 119 0
29 368 678 711 209 12
34 354 846 1333 427 14
13 308 74 889 10 13
59 360 565 1021 358 7
25 333 475 744 6 8
20 300 1146 1329 109 13
11 320 132 998 463 0
3 374 303 885 70 1
54 323 151 1285 50 3
38 297 697 1243 400 1
50 319 490 1021 57 5
54 365 806 829 380 11
55 379 758 1159 138 2
40 333 820 1200 44 4
38 397 225 467 390 12
73 297 7 389 27002 539
20 383 846 1328 288 6
67 398 1080 1430 496 0
20 387 370 420 131 15
61 298 507 886 32 3
33 299 514 1379 247 14
15 399 852 1273 133 7
20 345 448 1325 490 0
11 383 455 579 124 10
327 22 79 638 24 6
358 38 136 140 122 14
339 24 271 359 71 13
398 11 50 380 168 15
357 44 373 569 115 9
362 27 78 380 235 0
326 103 150 197 227 9
345 74 473 532 256 8
334 39 74 770 182 7
336 61 499 757 226 9
375 54 424 716 180 14
396 30 35 226 173 15
356 103 68 446 217 12
327 18 21 136 15 15
353 4 361 408 217 14
326 41 538 556 9 13
366 68 249 277 176 14
397 41 502 580 86 12
393 23 124 216 166 13
359 8 97 323 225 10
339 57 325 686 111 5
394 57 737 772 40 3
381 20 345 744 249 0
397 48 150 734 269 4
370 12 214 290 90 7
350 73 304 604 9 1
363 98 661 688 98 4
380 9 316 445 16 5
357 44 82 165 116 5
394 29 52 513 248 6
344 48 44 274 124 0
353 87 296 739 173 12
397 9 284 388 24 5
340 14 296 341 31 13
369 18 65 337 219 12
379 61 371 527 105 5
391 45 100 440 211 15
358 5 195 260 103 0
375 22 243 653 170 4
387 21 29 113 83 13
349 45 57 327 133 9
347 93 415 789 135 12
351 97 23 390 87 12
390 102 654 701 65 11
383 34 541 551 0 2
377 13 122 275 253 3
379 46 416 752 17 6
359 88 136 225 57 13
379 27 250 304 51 7
364 43 138 288 80 8
332 13 0 211 147 0
332 51 225 257 144 2
356 7 352 516 115 12
394 51 306 744 255 2
359 103 45 791 118 6
376 74 109 357 54 6
345 37 224 751 253 11
371 17 459 691 282 7
354 32 226 242 56 10
343 30 129 426 274 12
378 75 140 161 67 3
398 42 102 525 73 1
325 61 126 475 287 8
382 5 217 432 120 7
345 42 304 540 231 13
385 8 214 250 24 15
347 96 53 761 93 15
362 42 30 521 80 12
400 64 154 351 201 15
368 18 360 380 165 1
399 57 51 649 188 8
360 9 102 355 54 12
335 50 346 424 84 9
331 18 259 266 172 5
334 88 374 604 196 15
347 53 424 467 35 13
387 70 396 428 26 10
362 69 99 260 236 11
325 67 54 174 4 10
399 54 388 451 231 8
349 46 131 388 14 7
329 32 35 726 13 14