25
180 314 969 1270 22955 1186
11 104 86 411 5189 138
64 231 1076 1082 23443 331
65 55 534 618 12797 804
378 131 917 1003 13927 236
297 152 1083 1281 9791 38
381 119 445 759 12168 1101
209 2 1305 1359 9074 35
93 86 769 1104 4533 489
57 228 344 570 12056 1071
169 122 25 391 11911 982
344 104 477 1165 12979 221
129 253 540 680 2407 638
132 179 1433 1433 25863 540
136 281 1045 1279 6021 361
387 190 364 456 3590 1166
74 298 1259 1302 1169 900
253 50 536 1158 4156 144
129 133 1045 1365 8703 759
52 174 26 35 11442 38
176 4 1049 1296 15570 1321
109 243 1003 1439 15735 1316
235 295 458 983 20609 53
198 29 1396 1418 25302 936
271 291 811 1335 21202 117