24
234 259 41 656 15239 1209
273 166 381 690 18852 251
165 245 122 196 11396 210
242 147 214 1237 4902 118
310 357 951 1250 9512 508
112 22 188 315 16493 361
77 7 624 1104 3946 1008
303 334 124 1041 27089 198
260 42 10 1225 15597 734
304 328 663 739 13143 351
300 300 0 1000 6000 30
400 400 400 500 10000 40
0 400 0 1440 5 2
0 0 0 1440 600 15
400 0 0 1440 500 300
175 60 800 1200 110 300
210 60 700 1100 40 250
240 60 750 1200 20 20
290 60 900 1000 500 10
90 200 0 60 20 10
160 370 500 1100 450 30
335 375 0 1440 210 20
365 345 0 1440 210 20
377 215 1000 1440 2000 215