25
315 125 345 868 1051 0
308 122 592 799 2052 17
316 110 408 758 521 50
315 110 56 212 2382 21
310 121 266 594 2245 36
315 122 137 966 339 7
322 103 923 979 416 8
374 7 657 766 427 0
357 43 160 520 431 3
75 290 2 500 20000 500
394 116 215 426 395 14
321 98 670 993 166 3
381 62 658 1000 80 3
321 107 99 192 411 8
328 85 438 655 33 9
345 63 506 885 93 14
73 295 632 1024 5522 32
71 297 758 1325 5981 66
36 311 563 962 6700 64
32 300 784 1157 6707 14
57 359 456 1246 446 10
47 317 356 967 13 13
307 125 0 150 20500 500
41 332 1104 1242 193 1
37 346 816 925 247 3
