199
202   212   29   1114   3187   794
204   195   130   173   2735   1100
199   199   420   842   2785   934
217   197   47   68   4728   1368
202   182   362   876   2719   1083
213   213   19   618   3315   1122
205   199   123   410   3489   398
194   203   718   1252   3443   599
217   196   689   706   2669   1383
194   210   193   1088   2082   856
206   182   140   1292   1639   517
202   180   21   648   1355   888
216   185   252   1372   1506   1338
202   189   787   797   2691   88
188   195   87   642   641   427
187   194   334   918   847   487
191   197   120   715   3761   702
212   203   926   1286   4087   894
188   187   70   472   1393   399
199   210   186   687   3550   535
210   196   296   935   3292   694
183   212   311   1140   2605   383
193   183   888   1105   4941   104
180   197   44   80   2909   379
202   208   227   830   682   540
193   206   4   42   2516   59
204   193   41   66   3942   1387
213   214   720   1274   4381   500
188   205   63   774   374   190
202   209   123   1209   464   608
201   196   744   924   3955   353
199   216   764   904   283   1142
189   197   730   811   998   1228
207   210   239   629   4386   168
191   197   677   775   4911   1057
213   184   351   830   2132   782
202   202   121   1163   4392   1334
183   215   148   221   1494   1216
194   215   816   827   1209   1220
193   185   143   498   1655   190
219   200   235   491   914   838
197   188   106   999   3294   483
202   188   65   230   83   357
212   183   363   619   4909   1322
196   202   67   1132   1780   344
199   219   459   879   2812   765
204   201   457   1060   4119   483
200   205   378   477   2571   274
216   188   94   623   2875   61
197   208   2   23   41   439
204   188   222   281   1940   579
211   200   1   4   2963   878
207   191   418   748   4103   1030
213   207   347   719   1162   1057
200   204   823   1378   4045   89
182   186   630   859   2444   215
187   199   212   540   2821   111
211   183   729   1259   750   227
212   187   416   692   1805   707
187   181   59   98   4075   828
219   205   0   11   3146   663
187   216   773   819   916   165
216   185   19   455   2883   1393
213   211   677   819   3463   229
201   196   479   1127   4053   1231
200   198   74   827   3125   439
214   180   1207   1389   3318   642
207   180   473   486   4297   971
199   181   108   477   4028   203
215   213   1279   1285   3358   539
186   200   0   2   1437   390
211   182   493   1283   235   163
190   189   37   936   3219   30
195   204   597   765   3090   1138
200   199   324   1034   1373   1367
190   193   246   1359   3308   783
192   186   562   612   2960   1008
197   199   916   1353   838   1056
184   190   51   53   4848   1293
201   196   7   176   4835   1120
241   199   188   1149   12148   640
181   231   179   1335   13130   48
179   175   373   592   11304   489
245   198   761   1397   12647   574
233   150   706   1175   12726   1127
210   198   533   729   12363   664
177   239   749   813   14121   398
225   196   1203   1379   11362   1369
180   169   730   967   13350   791
227   174   221   823   12186   628
244   182   885   954   12320   622
226   160   659   1322   12560   147
195   159   8   16   10895   959
186   205   217   348   11142   364
186   153   927   1286   11582   1071
159   247   270   551   11458   331
185   181   562   930   11051   769
164   227   762   983   11197   1069
153   246   161   504   11422   776
150   218   225   606   11895   958
156   246   549   869   11773   121
179   218   961   1327   11686   1291
183   221   437   880   11314   927
157   184   63   333   14176   683
192   171   295   1069   12931   670
193   225   945   1369   11511   1196
227   185   133   1201   12316   477
153   239   101   125   11947   184
228   194   58   60   10079   364
173   180   104   111   10158   160
235   178   799   1323   12564   149
188   190   330   1076   12147   1046
164   183   246   402   10856   539
236   202   721   886   10320   476
171   208   229   248   13530   845
231   178   1015   1112   12145   366
229   199   90   139   14915   392
190   236   522   766   10718   876
188   228   453   795   11061   173
207   196   188   545   13235   1369
252   249   486   709   4872   114
109   147   9   189   810   659
116   185   25   438   571   965
238   105   124   175   382   435
269   165   292   899   4810   384
247   130   10   198   3668   847
259   123   146   1348   4359   427
285   234   380   647   4335   173
167   265   27   44   4795   977
205   258   382   420   2363   374
183   148   996   1386   556   896
215   286   1087   1313   100   519
252   186   39   895   3943   426
294   268   133   1131   4960   469
241   298   181   271   3022   1147
216   245   59   80   4621   262
148   209   357   854   1868   459
114   247   1020   1318   4505   1164
189   243   37   144   1622   417
297   294   1157   1349   2643   476
177   184   108   280   4758   1127
114   280   170   352   3225   863
101   185   373   1121   1744   1281
280   113   775   1394   2220   1376
290   259   445   746   3209   125
162   130   288   949   3502   68
244   188   268   327   2079   1276
182   290   200   695   2432   567
118   101   1317   1336   2863   263
128   103   163   587   3440   911
254   228   358   429   4068   1391
285   285   210   259   4888   1084
242   263   319   764   209   993
128   228   96   149   3452   918
139   175   337   467   1759   749
221   281   420   672   889   510
233   239   693   769   670   41
223   183   108   619   927   1047
140   261   411   1386   82   588
105   173   388   887   268   131
250   153   324   442   4857   378
242   271   8   234   316   113
173   261   786   807   3173   467
110   110   522   631   4229   949
234   215   348   1216   860   82
268   216   81   151   1105   109
227   256   71   130   2518   1376
252   120   62   411   4281   207
272   225   120   375   348   771
116   229   148   733   1080   1069
134   174   155   211   1944   1280
238   277   268   1374   3224   588
181   279   698   821   3785   350
103   255   365   432   4644   8
143   163   35   631   2155   981
270   212   340   711   3240   1035
127   171   413   602   2271   561
105   181   331   1407   1127   1192
277   239   411   1280   4794   1037
227   162   157   203   1275   699
353   380   74   118   21628   963
390   350   193   904   23451   907
375   363   1164   1198   20750   794
374   370   818   842   27096   971
350   388   107   1167   20017   959
373   391   128   241   20917   501
382   378   1029   1425   26385   918
386   390   275   305   24011   676
365   389   1   556   26417   329
369   395   213   920   21138   493
382   370   462   616   20691   1087
363   383   426   529   23091   583
399   360   797   1186   20904   693
375   350   344   896   21924   986
392   369   359   483   26999   686
397   367   1065   1437   23445   356
362   354   378   970   27154   176
387   372   539   699   22323   1200
357   383   739   768   20145   542
