50
77   358   724   1373   8898   936
345   36   56   401   8131   219
277   200   414   646   8390   313
285   268   831   841   26951   626
189   81   105   1027   16558   617
247   25   321   821   232   739
222   286   1   502   15242   200
131   63   855   1305   21070   1185
52   133   351   671   418   1167
387   173   15   74   4832   799
314   78   138   176   16259   1191
347   178   69   83   14433   1362
247   277   286   671   2048   520
31   85   36   198   3190   601
385   246   35   577   20406   561
331   215   633   1411   16022   986
283   167   135   183   16281   947
17   256   175   672   15924   770
88   149   297   625   20765   242
376   3   36   60   11510   1345
46   182   51   253   20660   388
373   145   366   441   13835   334
358   8   176   239   22640   44
129   330   407   690   18475   716
52   215   1203   1240   25934   1317
238   206   86   145   24247   1353
209   1   50   498   5333   969
75   365   680   1139   12779   590
35   250   9   468   7699   540
76   189   271   345   6972   251
311   259   874   878   6781   142
146   95   1165   1433   510   224
26   228   1337   1386   4810   413
333   176   452   589   11127   111
184   152   1132   1239   7431   288
256   275   25   74   14922   906
244   188   53   90   11407   194
169   382   163   781   16199   705
278   66   82   842   19635   685
46   268   7   15   16047   1371
121   93   4   222   16045   826
177   109   481   1264   25238   567
18   184   307   955   7916   976
247   258   270   1106   6092   155
85   201   214   1254   17186   156
179   326   961   968   17754   148
308   369   162   395   173   911
342   33   246   1210   14195   436
224   231   185   353   10945   1194
130   40   197   517   22378   1368
