199
182   199   275   361   3389   491
204   182   254   282   1961   333
207   181   393   1054   163   849
213   207   1039   1131   943   1292
185   200   168   197   657   308
185   207   333   483   1191   153
210   184   263   386   166   564
183   192   74   253   3267   875
201   194   254   1202   4459   660
200   209   351   1040   4805   79
202   216   1   29   4591   1026
219   207   495   994   2194   1016
180   216   29   471   2037   73
204   184   593   1364   2897   919
213   184   814   1326   2969   592
184   216   193   576   4072   949
180   189   6   8   4469   825
212   187   238   754   3786   1327
208   189   53   452   2228   1232
183   207   310   617   2357   1326
204   199   88   117   3892   245
202   217   28   90   1505   1377
215   202   719   1318   2931   911
209   214   930   1090   178   530
196   195   52   307   3889   557
203   213   188   305   1089   1058
206   182   25   1072   904   1254
187   193   729   782   4769   896
184   208   216   1176   964   333
203   209   283   416   595   930
204   209   589   1300   4068   801
218   184   763   1138   3308   351
215   193   106   177   3596   798
214   204   183   513   3104   240
193   196   308   410   1335   715
189   199   74   630   3435   409
208   186   158   917   14   450
203   199   150   241   64   978
206   182   109   171   365   195
195   204   433   664   588   240
202   190   93   95   1194   1371
219   214   484   489   2902   134
216   182   430   1227   2426   1096
209   190   81   618   1620   798
211   210   16   191   1745   128
198   198   269   407   881   151
209   219   13   23   2210   192
219   193   15   298   4979   532
216   219   244   677   3450   858
213   209   177   888   1736   401
208   206   151   978   1215   241
217   212   166   867   1588   1201
207   183   158   206   3936   76
201   212   685   872   188   517
199   181   19   46   1589   1234
187   215   71   212   1747   335
207   210   120   140   414   1
219   202   558   1293   2966   688
208   194   287   1029   1773   1371
214   192   637   1271   2623   776
207   219   247   452   3612   618
180   202   238   253   991   998
217   203   158   769   2015   1201
210   182   382   654   3623   1178
204   187   58   409   2149   930
190   185   52   171   4677   1219
185   205   187   621   2046   1224
217   196   652   968   4299   229
212   209   1076   1132   3703   922
187   202   340   381   1332   956
181   209   412   1236   1359   950
219   215   765   1011   4789   503
219   199   796   833   355   1208
200   195   7   187   1487   650
184   197   34   95   3237   1115
215   181   211   1218   228   35
213   207   154   185   3815   803
190   191   849   1118   4419   354
204   215   693   1066   3621   394
192   187   21   143   373   813
225   213   306   1357   13446   1196
228   224   59   495   12006   537
188   236   843   1086   10807   541
162   152   7   64   11913   952
171   152   51   84   12889   1121
187   152   250   454   14851   733
208   211   218   331   14224   1293
171   184   43   461   13907   1047
223   158   402   1000   12368   686
219   167   401   1141   13921   1207
164   175   628   799   12899   280
200   168   304   1332   13434   933
172   199   383   667   11808   262
189   193   653   1252   11453   1219
240   190   66   959   12111   1171
187   192   167   196   14066   40
186   203   488   701   14756   988
181   234   315   1190   10050   221
246   190   8   20   11003   387
248   190   645   994   11860   451
194   162   889   893   14191   391
193   200   260   1416   13413   888
205   172   153   1163   13320   1189
204   218   117   448   14250   45
229   216   275   655   11306   1385
196   230   476   1280   13591   1125
226   205   1234   1290   12630   44
181   211   315   1375   14772   278
232   175   69   155   14016   1301
187   223   190   244   14054   1065
188   177   318   319   10670   930
158   212   499   829   10967   464
204   173   21   100   12225   895
164   173   419   708   10242   288
153   179   78   283   10371   7
162   233   596   642   10318   1056
211   193   1100   1244   13739   98
176   188   129   763   12067   851
152   225   816   1068   14208   770
226   223   106   126   14257   595
105   282   263   397   1431   705
168   156   5   11   2953   1160
163   218   299   544   55   60
222   179   53   55   4351   365
188   204   61   466   997   337
224   287   173   287   95   534
184   252   78   1063   4030   1354
209   194   245   446   2012   56
281   183   826   912   3122   311
241   199   167   531   1332   683
113   210   1   1434   900   1286
276   162   457   595   4897   1055
261   288   376   420   112   479
245   273   256   469   2496   146
140   204   214   325   3762   883
254   212   3   29   4794   456
228   102   385   665   206   869
218   289   337   1161   3   1223
153   157   1033   1245   4901   225
158   180   76   606   2195   713
232   164   334   1239   2276   939
269   235   338   547   423   61
222   165   6   7   1443   1014
134   265   148   246   4327   244
202   133   92   561   1089   1001
107   192   61   1211   2135   226
292   265   194   1130   1836   1275
118   283   577   926   4133   289
292   126   177   781   1811   709
294   178   495   1369   2135   1335
249   270   846   1414   2334   1046
171   255   167   246   1096   265
180   189   414   1375   3034   813
176   227   434   536   1856   364
206   193   0   74   1471   963
235   127   245   1135   3061   485
225   103   59   276   4727   1348
271   163   153   234   1189   623
113   222   109   246   1445   1122
153   273   611   612   4780   813
138   218   192   1208   1542   1289
161   207   19   383   81   1118
136   220   125   166   3542   775
204   167   25   204   4840   248
185   259   62   279   406   1037
266   174   201   966   2175   1171
223   258   193   856   4866   1388
264   265   184   563   3610   523
175   261   884   935   3653   1239
221   145   18   94   956   500
242   276   17   206   1657   598
249   255   502   507   3891   363
108   239   463   569   2037   1148
136   185   1083   1242   4827   929
190   164   836   1228   887   98
101   201   140   822   3819   1007
109   146   284   848   3197   435
116   218   3   11   3209   864
103   175   134   1177   681   991
195   153   1156   1277   3868   1389
389   389   324   648   25960   981
390   392   134   691   26490   275
398   360   489   801   27154   1105
382   372   1018   1169   23473   1224
365   396   924   1045   23716   371
352   374   62   211   25608   231
351   379   636   714   23290   1377
398   392   364   609   21403   1141
362   381   20   255   21586   1197
380   354   427   439   26296   548
395   394   5   47   25381   726
385   360   751   1220   20987   1215
378   351   171   894   21800   571
359   375   96   575   20120   661
378   394   1022   1377   24321   645
376   379   135   457   23213   141
359   373   456   1181   24696   1279
383   383   172   588   22021   793
355   397   467   1188   21056   952
