199
185   195   885   1143   821   352
213   211   134   150   2035   1131
201   200   489   653   4684   759
211   181   381   439   369   511
215   186   772   855   1410   591
180   189   339   549   4358   670
198   203   119   166   2845   1331
183   190   60   170   4151   1201
191   199   341   515   4775   864
193   187   34   185   129   733
218   212   78   175   3141   108
210   189   257   439   1409   952
210   214   1030   1409   2755   80
219   201   171   291   4367   339
208   212   483   1133   1691   481
219   201   538   1298   1030   739
191   203   764   827   2838   144
183   201   15   500   3034   754
215   183   1380   1384   4073   289
215   201   429   489   1575   189
197   203   34   1110   4476   1183
203   206   325   665   2252   182
216   200   71   1251   2220   707
218   214   17   242   1814   89
190   211   137   409   1036   151
207   202   453   498   3796   791
195   205   742   1136   156   280
203   187   489   1150   1175   1103
210   180   979   1013   3854   756
206   202   434   605   4959   1017
184   208   21   295   3314   302
205   219   382   903   2749   951
212   208   93   1013   2917   1228
204   199   31   36   3397   811
209   205   923   991   1987   963
200   216   16   20   4740   1235
180   213   2   25   1062   686
202   215   660   762   2671   1010
203   195   9   39   3366   561
216   203   1   5   490   806
205   203   338   1051   4400   1236
213   211   200   334   4379   1135
199   211   84   1359   2699   448
198   212   50   935   463   684
181   193   968   1431   2983   504
213   214   468   507   1896   1191
206   183   63   831   1982   833
182   188   90   130   2505   1199
185   190   648   995   1867   763
187   186   37   321   3156   1388
193   211   223   518   3535   604
193   200   989   1108   4282   630
185   187   109   981   3798   1166
204   207   2   12   14   350
193   204   976   1363   2978   166
198   208   1195   1362   1879   76
210   197   457   608   496   437
186   202   217   670   4647   855
188   216   34   199   707   1347
194   189   285   305   841   1357
209   191   556   792   1076   1385
184   183   327   482   3689   1123
203   198   256   477   1467   884
188   189   709   1254   1654   14
214   191   440   1014   645   1338
194   216   87   512   3527   1198
202   203   165   410   3038   825
199   185   860   1362   632   1299
215   190   33   66   4178   1249
180   206   862   1307   3195   494
192   206   871   966   1137   876
204   196   380   724   1613   828
195   213   157   509   2475   883
217   201   19   66   1581   229
199   201   403   504   980   946
205   194   15   31   1873   345
196   194   2   70   232   910
187   184   23   746   2568   996
216   181   260   1058   1717   757
213   205   300   555   4124   308
187   176   337   603   12718   1304
159   168   1064   1124   13004   237
235   245   10   63   14531   1004
245   157   197   632   13775   918
195   152   27   65   11115   1397
204   154   18   109   12737   1181
219   191   620   913   14649   593
195   195   35   260   12208   779
151   184   49   82   11830   504
221   228   144   208   11998   462
208   229   29   81   11002   1245
208   240   82   278   11643   194
231   202   870   1332   12256   49
202   168   573   942   11923   960
169   226   20   30   13101   382
212   230   651   652   12384   1196
200   185   363   1241   13076   588
225   158   224   380   10244   798
224   185   559   1186   12630   1234
191   151   70   112   10871   705
206   201   292   567   14470   1177
216   182   482   662   11679   384
210   159   588   1116   11492   151
194   174   168   260   12711   674
189   204   137   673   13379   1249
189   237   3   31   10239   1197
208   229   1002   1091   12711   1070
206   152   351   561   14595   331
167   168   199   1367   13310   134
230   225   494   579   14874   615
227   216   101   561   10548   815
233   157   100   376   14169   823
212   187   1006   1057   11789   63
183   219   54   136   14738   791
177   210   552   567   12293   1156
223   164   647   941   14927   1103
167   249   8   11   14951   190
155   224   23   38   11647   132
166   155   232   1232   14191   699
235   153   1060   1397   12678   246
181   244   941   1148   783   1263
202   255   584   953   4079   1052
269   260   450   681   3399   1068
100   278   114   583   193   349
249   160   106   125   3451   283
114   204   120   723   2793   1074
274   202   48   138   4982   864
257   269   0   9   940   1298
227   100   236   991   1579   1188
176   200   418   636   3917   382
105   115   51   75   2068   280
178   165   338   598   2246   586
160   211   50   364   4393   723
147   208   3   119   4898   911
245   287   139   635   2789   632
160   133   213   937   2488   731
256   246   72   222   101   106
115   101   158   594   2731   1286
256   253   297   730   3263   1223
238   287   499   705   2966   694
296   127   344   888   3704   421
213   228   1128   1294   1802   1192
236   287   3   307   2048   1193
270   297   300   353   3572   1382
233   190   0   5   2654   405
139   283   14   519   3179   75
112   236   25   384   2551   458
169   210   387   678   563   791
126   141   1081   1173   4837   388
174   191   845   1205   3027   1041
114   111   30   265   3800   203
243   230   318   459   861   1161
227   164   184   587   4411   211
299   264   19   481   2341   1221
172   218   0   90   3388   30
184   286   77   137   3587   1085
254   108   159   391   1629   825
193   260   781   980   156   449
254   151   271   346   3711   434
110   283   61   619   1457   801
202   277   93   1021   4499   1178
201   206   742   852   3985   974
132   203   74   1117   2496   196
213   297   160   698   413   420
222   271   333   544   687   1254
159   227   662   899   2275   598
269   175   679   875   994   757
199   135   595   1275   2444   510
232   140   257   408   1109   1034
218   110   147   1289   1155   563
242   207   139   827   3763   489
193   254   76   664   2882   733
153   285   167   762   4186   486
200   254   428   468   3689   369
291   138   654   874   1363   368
217   278   310   489   1161   844
207   223   1161   1410   2712   1165
288   265   662   1049   343   577
174   107   56   856   2234   733
194   113   782   944   1512   72
382   352   138   602   23914   142
384   387   206   307   23156   398
378   389   297   465   24816   603
370   373   564   945   26580   575
396   381   408   913   21552   640
354   391   305   689   21038   896
396   379   902   976   22215   10
385   364   172   174   21450   1002
358   398   1135   1262   23417   721
361   376   824   1271   21496   397
367   361   523   1027   21019   1316
354   376   1259   1336   20038   320
383   382   737   974   22954   611
369   377   272   1261   26788   1039
394   365   209   344   23094   718
384   361   610   1385   20948   183
366   390   258   638   24987   59
365   364   219   939   20858   1155
379   360   5   102   21989   229
