15
127   302   12   892   23009   550
68   95   318   512   19509   1089
330   52   426   578   22153   274
168   14   338   847   26126   1191
188   386   911   1310   24872   770
380   241   1252   1295   22054   206
307   50   418   1245   25579   816
169   82   501   588   15536   761
58   264   586   691   4134   78
154   223   134   291   13545   267
28   330   412   518   26474   786
86   313   429   1232   13902   598
384   279   539   1270   11538   956
374   163   115   785   12063   839
78   152   372   531   11573   239
