50
215   151   385   644   11224   77
258   241   14   296   26839   1200
41   283   121   146   6884   1150
219   394   244   772   19668   777
371   372   23   112   23370   5
195   201   246   1397   17807   1373
276   392   55   1287   11979   1368
162   219   581   1423   1067   288
370   260   5   611   3291   102
120   300   261   289   11857   250
211   92   1009   1406   11002   684
75   283   942   1115   22716   881
323   266   144   217   19302   485
256   384   1226   1342   23850   353
260   387   75   115   20695   407
121   141   41   69   26987   1293
244   34   626   1225   4763   210
311   16   233   339   10770   926
268   187   391   963   240   705
388   15   175   240   26552   337
23   130   735   1409   4429   1063
358   393   97   320   4527   231
355   214   93   316   20180   959
197   209   47   305   23272   880
344   333   54   167   20989   1344
208   247   15   170   18524   1164
388   86   466   953   17842   168
171   387   73   108   16354   1062
191   329   1226   1227   15476   797
328   26   54   1398   7543   928
81   395   25   41   7129   1308
338   66   8   90   8516   1015
129   279   110   147   7776   1278
88   163   450   593   10432   229
38   323   584   1177   6606   1118
235   158   486   1113   9889   468
186   309   781   834   12538   1220
192   211   162   173   8294   1277
187   397   888   1078   26491   504
147   248   396   1305   23920   185
93   285   145   554   17346   23
320   251   681   687   14119   1269
277   260   772   1135   22663   767
382   213   150   473   2683   1393
330   395   2   127   4019   1295
392   250   406   624   10599   810
386   88   268   559   19840   50
270   116   513   521   4623   485
105   303   255   314   21682   1278
105   212   794   1392   22834   328
