15
257   83   32   1170   1662   1080
56   79   96   108   19298   1136
197   246   47   482   12702   1056
328   139   1241   1264   6346   512
167   347   822   1158   12486   709
112   70   583   802   13143   386
253   271   411   1171   692   1072
269   21   27   192   26980   861
340   219   130   380   15893   734
372   308   570   1291   25687   773
322   224   767   1194   11033   983
305   45   106   463   18287   807
277   198   1257   1348   10630   366
48   109   19   664   26184   475
285   390   178   221   14646   1189
