50
143   242   379   1262   22672   971
274   382   792   1194   2376   1380
108   355   470   600   3027   450
375   340   56   342   10548   1006
129   249   1116   1180   4261   1032
132   272   582   1275   23879   682
295   206   376   633   3900   1043
5   170   25   937   13212   1050
29   325   79   222   23792   902
121   260   473   968   17399   704
201   65   1381   1400   10111   501
166   351   1091   1369   18964   687
144   278   980   1275   24167   70
271   127   203   637   22063   881
359   366   53   127   14538   1207
294   159   690   1137   10568   1111
125   233   38   1317   14694   723
11   74   399   431   8650   67
43   49   274   1207   17633   1062
370   157   153   329   19013   1111
134   375   40   82   12715   240
198   117   339   1224   21545   1387
352   238   6   10   21316   1399
91   113   264   851   26574   691
370   65   771   828   16682   1359
156   253   154   653   21667   389
156   273   179   1185   13846   816
135   334   73   549   4980   1202
26   101   143   377   13582   864
25   62   440   1318   5160   979
29   305   483   526   12974   1014
38   4   363   514   5270   512
298   225   1035   1384   18864   379
261   335   25   613   18951   1367
183   295   18   863   9416   179
350   278   404   525   19172   661
282   96   684   1366   3701   150
152   190   318   1330   9673   1181
348   33   308   544   23405   29
172   113   64   1297   17330   1121
295   343   786   815   18120   522
315   92   284   1288   12597   708
173   7   4   33   26749   724
143   259   609   1186   14005   187
180   27   273   960   495   1070
294   110   173   484   6209   1080
307   288   337   893   26   737
78   293   248   874   18188   879
399   213   599   657   5537   93
223   291   273   863   19900   912
