15
370   71   41   79   14396   159
248   219   72   83   14511   601
89   172   384   595   19958   155
319   397   992   1010   7009   57
311   346   35   165   4767   317
208   18   627   729   977   30
48   145   584   662   7598   1285
117   304   591   1290   2603   88
186   209   74   504   26068   110
194   242   166   555   2466   981
1   186   60   96   3864   863
65   315   461   708   21722   1216
139   366   910   1337   26027   653
148   34   59   334   7911   1366
110   129   1299   1324   8689   238
