25
226 0 1303 1337 14665 140
399 218 1048 1243 12875 827
43 232 11 852 5613 1217
25 362 968 1125 19628 291
42 292 911 1079 14753 703
219 12 841 930 24469 1034
344 214 1417 1432 4060 1197
363 288 240 302 15314 70
370 231 466 987 5142 752
143 334 1124 1181 4294 705
71 163 1306 1413 15150 1106
337 204 586 716 18739 1174
375 281 1124 1343 3612 602
372 305 182 1085 9481 801
148 48 317 1330 8040 187
365 143 944 1103 4712 746
265 317 1081 1255 9839 1052
347 255 485 1233 19682 1217
92 398 934 953 11989 345
216 399 823 1280 22865 209
90 81 750 1346 16753 466
69 157 1058 1299 20668 275
238 354 750 991 21039 515
218 136 375 1309 6242 483
207 182 551 760 14814 851