60
208 210 310 1028 45 0
205 196 737 1184 26090 162
179 193 294 313 12705 78
204 172 1036 1294 25164 156
193 212 1234 1292 19968 124
197 172 416 904 16445 102
208 200 1419 1429 22696 140
190 229 1065 1187 4071 25
187 194 1247 1400 21626 134
188 172 1159 1339 8289 51
198 207 513 725 2237 13
203 181 880 1221 9068 56
189 246 1321 1394 22800 141
172 167 460 1179 27138 168
143 200 494 825 9221 57
184 140 983 1151 20389 126
252 239 1279 1290 13681 84
201 239 668 1393 23712 147
243 213 1115 1232 22884 142
162 225 1186 1276 18361 114
141 200 1055 1131 3084 19
166 150 1246 1338 2662 16
211 240 539 1171 25043 155
208 148 899 921 12351 76
262 140 60 353 2769 17
155 87 232 855 22748 141
182 83 743 838 24111 149
103 152 8 1219 15781 98
253 128 126 1368 22966 142
144 282 118 570 3208 19
272 114 1295 1340 6581 40
146 92 178 1159 5752 35
121 124 1090 1340 22390 139
295 255 284 734 25579 158
152 120 1010 1440 12381 76
206 309 46 1001 22157 137
205 59 215 1183 15585 96
221 65 742 832 11494 71
153 341 400 1217 6379 39
101 293 275 832 24681 153
77 302 1031 1362 21665 134
262 72 1370 1398 256 1
242 355 256 1034 13822 85
230 41 195 426 18965 117
230 316 522 1169 5062 31
101 308 293 575 21028 130
222 65 56 146 15170 94
68 223 563 1090 20873 129
135 44 991 1286 5412 33
338 73 197 302 25417 157
217 6 307 957 6571 40
286 368 414 1321 3954 24
17 219 94 738 8520 52
221 8 234 633 19908 123
44 88 797 1104 5355 33
60 95 1186 1340 8914 55
269 22 842 843 18067 112
148 32 429 680 13632 84
160 387 44 755 220 1
77 43 646 930 10753 66
