200
32 308 665 1296 24399 772
225 378 634 1067 11407 970
362 309 296 1233 4756 995
126 85 755 1424 7503 431
319 91 1000 1087 4796 1073
206 370 527 601 19348 1304
369 146 1358 1367 18541 377
16 394 172 1356 13708 399
359 387 1315 1361 8055 643
252 41 212 955 11659 804
139 211 489 790 6453 1022
2 179 212 531 22603 799
363 40 764 1302 22366 1219
323 193 328 364 23331 353
291 213 49 601 949 1167
44 72 270 1403 24169 379
167 233 1433 1436 1467 60
80 200 914 1076 17830 689
218 324 681 736 23124 796
257 166 350 1407 10031 906
221 99 309 818 22290 745
158 55 397 1370 4648 317
33 321 574 1361 16953 996
358 325 725 1085 25754 625
142 266 277 976 25478 496
326 351 192 978 16443 1243
158 209 1031 1193 20928 1263
61 216 169 666 6829 957
79 385 480 1189 18350 1322
41 393 236 898 5691 119
134 42 424 1357 20159 473
301 33 466 687 16700 575
204 333 458 969 26057 149
180 326 531 819 26579 238
307 346 990 1200 19513 1380
238 62 1244 1383 8773 1422
101 0 783 1256 20434 787
264 14 1130 1166 17370 198
129 258 472 941 1339 479
254 206 1349 1352 13984 541
92 18 888 1216 9128 297
58 228 390 955 8655 1018
131 92 4 557 19924 705
146 385 952 1018 3053 29
143 168 852 1287 18220 908
258 14 936 1145 18092 686
201 349 534 1133 25736 307
203 283 1107 1227 26559 1410
153 209 492 1421 13321 993
329 179 595 776 22897 1144
187 274 669 1336 9507 669
141 370 510 517 7103 73
102 288 1172 1182 12522 716
63 360 106 443 10500 677
166 25 1223 1429 24983 1254
162 253 103 860 15300 510
337 54 199 1297 12545 490
285 21 316 1064 25713 469
207 256 1000 1214 2793 960
9 20 1418 1425 7986 1085
273 158 270 278 8303 35
335 361 319 728 17671 889
394 390 1385 1432 19323 1409
34 378 325 593 19439 816
129 338 1364 1367 13869 827
39 216 32 1377 9501 373
93 39 1374 1376 10227 578
80 48 1082 1225 3133 1093
381 50 680 1068 25407 210
274 184 1144 1181 24527 1172
61 34 1171 1292 20753 1057
197 142 1380 1427 8064 348
17 181 515 1385 26158 1324
260 164 639 954 17407 786
217 155 509 761 7832 1368
276 324 744 1364 19094 612
40 387 1033 1252 17522 442
103 315 1133 1173 21779 27
110 221 242 539 26752 1306
111 240 4 1131 2853 1207
65 211 885 1152 6329 201
365 96 680 745 17235 735
172 167 415 1348 23446 773
397 237 912 1397 19744 1083
260 327 425 1360 19969 47
69 268 479 1430 23107 1411
305 11 8 180 3627 204
177 111 666 1317 24409 306
213 142 229 609 25242 1139
368 366 1254 1313 13485 1079
85 81 1243 1390 15293 150
362 203 1110 1113 23659 913
386 387 1324 1386 3202 1329
359 111 795 1438 15987 431
72 25 1212 1433 10315 1240
284 302 1385 1419 25778 638
246 181 224 787 3106 1023
37 307 341 1200 27186 302
61 284 416 675 10587 1003
260 80 1139 1266 20718 814
105 176 412 1209 23557 894
205 95 1405 1417 3031 967
121 199 883 1083 1935 1189
305 353 1349 1393 24869 621
390 69 1178 1286 8513 658
380 82 473 619 14895 407
51 193 622 676 4138 948
344 143 1205 1292 26993 169
150 131 338 1316 16943 297
339 27 404 896 9891 250
398 381 219 783 646 450
215 353 1016 1084 2444 958
136 119 497 564 12412 1243
98 369 292 1194 18716 1336
209 161 768 909 3822 637
217 75 1136 1194 15847 810
156 380 766 973 11593 798
198 316 1034 1373 2432 892
146 70 411 689 16217 648
295 374 620 914 11949 1285
245 256 332 678 19027 125
98 385 146 807 2699 997
0 204 1145 1326 25309 365
41 158 34 1071 19727 1414
51 89 731 1035 5271 492
195 108 607 632 19246 57
257 315 1422 1439 910 716
174 394 982 1330 20179 1360
399 368 972 1165 8209 200
368 280 1317 1400 3928 273
91 127 417 1001 17354 218
354 175 257 443 8276 565
67 366 689 1120 16621 1023
74 74 1017 1339 13802 1213
73 194 1146 1175 21763 1222
114 13 1303 1362 21561 1216
222 381 1414 1422 7009 398
222 49 896 1298 8262 71
262 2 1436 1439 4147 508
97 251 671 1048 15096 734
191 273 1354 1376 7981 1198
331 283 1058 1314 2007 797
273 359 388 1415 6057 640
195 315 1316 1367 14607 1221
84 277 1397 1412 24077 30
18 295 292 543 27003 1421
298 363 1263 1319 2416 43
170 98 9 1077 5942 353
24 364 1124 1177 21086 354
77 328 1400 1439 23226 1247
379 199 1233 1413 21466 398
25 119 1202 1206 11403 673
252 88 1007 1205 22570 522
301 150 762 956 15992 967
62 2 302 711 25998 43
202 269 375 456 24120 198
275 382 864 1215 11653 1308
151 145 885 1282 17248 943
26 67 1033 1101 1114 611
44 55 42 860 24764 48
347 158 100 1265 7327 140
125 295 514 1246 14903 852
333 198 663 752 4283 932
119 204 1085 1327 2931 235
58 11 717 872 5819 92
253 24 133 605 5191 191
172 72 469 702 2500 241
43 104 1249 1422 14371 86
306 298 302 385 25708 807
232 400 965 1431 1713 176
247 312 1347 1365 15061 1129
296 15 547 590 8427 1008
292 69 1096 1341 15908 647
219 202 386 799 396 1163
351 26 379 552 12102 638
172 13 648 1033 14072 1251
174 348 1419 1436 21188 146
168 296 1331 1391 24390 60
54 397 482 1290 21969 382
118 389 689 946 17124 993
366 301 411 1056 16332 118
41 362 1127 1324 2172 684
195 54 1153 1304 6326 1078
177 238 322 744 22728 366
370 62 868 969 24888 533
177 206 554 822 16547 75
197 306 1405 1431 7240 1349
195 333 535 913 14486 259
71 237 563 1167 6638 341
200 96 864 1343 21707 657
92 112 119 1198 13439 886
384 305 1410 1437 96 1216
293 281 365 1277 9117 989
302 176 1288 1330 6143 528
56 333 406 721 19578 354
76 240 336 671 5705 1104
264 288 1131 1337 25203 1102
118 260 1271 1359 2091 1172
212 114 1326 1438 5927 704
7 208 503 1311 59 685