200
295 194 1427 1433 13603 1194
20 3 1338 1394 1817 422
396 90 1309 1316 25070 241
202 377 1345 1421 10334 717
5 350 1229 1296 18160 379
185 183 750 784 16511 1249
159 350 336 365 24810 1003
109 54 481 1145 7151 1012
340 231 289 1019 182 1151
337 137 413 917 23824 788
395 175 522 1161 1406 260
291 201 18 236 25908 942
288 314 819 1385 3812 1142
314 344 897 1140 5598 1020
391 319 1395 1438 11796 5
150 170 1086 1220 2008 1009
393 275 1320 1388 11919 485
184 311 74 110 13126 450
202 368 1343 1367 15680 276
36 363 163 1243 9660 956
289 69 579 867 13905 1329
165 159 850 1119 18937 1230
366 351 697 906 16160 487
25 194 517 651 9356 1206
316 116 1108 1164 26601 5
242 59 1116 1119 13160 690
378 364 221 1100 24410 134
167 195 1002 1260 21155 655
307 351 639 774 16109 865
79 225 987 1437 20977 597
53 67 1199 1284 20290 853
48 186 10 728 3324 1152
28 323 867 1277 14135 1378
333 8 1310 1436 14886 140
319 295 1404 1432 7110 166
98 189 772 1339 23800 1106
218 202 1391 1406 12076 526
314 7 158 327 9615 329
5 298 1289 1377 17919 119
85 284 140 1169 9735 62
194 201 451 1007 14382 521
346 228 1391 1413 8523 1354
61 103 386 1360 2809 836
29 202 291 667 14613 1342
64 373 1126 1187 18315 299
320 78 158 1019 6686 1375
335 276 603 1185 19601 125
304 400 655 1119 15991 57
334 46 772 1311 17722 147
206 296 1235 1414 11318 1216
282 168 617 1179 3080 395
141 25 988 1315 5451 127
277 326 593 639 26868 643
127 3 225 640 1457 848
343 156 961 1113 27137 124
9 186 1160 1188 21241 49
236 72 442 1024 1003 571
242 224 442 1428 20300 1194
124 394 199 420 22007 321
77 136 276 1334 11792 623
238 4 1299 1352 8642 343
148 154 586 997 14923 655
377 220 265 1042 26853 37
287 7 1347 1367 6302 368
119 169 637 1283 5188 1269
64 315 852 936 2069 1287
252 68 41 1325 1199 301
224 105 1303 1336 6679 646
62 81 463 575 18782 652
0 35 1168 1402 20185 1275
66 374 1348 1429 2682 1197
61 344 252 453 16053 558
38 117 1215 1301 7440 970
302 146 585 735 291 365
19 159 1039 1402 26744 9
75 219 472 501 1084 377
183 91 998 1190 15407 179
328 153 217 306 11162 1171
245 132 1028 1171 3645 1146
81 287 1328 1363 3511 695
258 143 188 1134 17055 1015
153 184 1075 1282 26652 807
345 179 13 1207 8642 225
376 6 932 1411 15735 705
215 10 259 929 2750 1117
197 216 355 1187 10598 293
288 128 385 1200 2281 1389
371 175 302 1023 25431 1117
28 359 267 881 10095 929
311 271 863 1087 6388 777
144 119 1438 1439 19406 40
344 323 70 1018 22440 1146
343 381 493 1312 18275 809
213 138 584 1191 14701 485
152 280 576 765 10347 214
277 123 385 831 20503 1238
344 27 350 1235 22683 1440
33 259 211 280 12756 64
390 311 215 805 1898 1254
9 11 250 1404 27068 324
114 328 1182 1257 8734 714
366 69 1089 1311 15850 4
53 180 536 1400 19590 1234
74 400 479 1364 16043 882
45 188 1136 1419 26712 1219
170 156 105 1238 14251 344
61 64 774 873 21978 647
124 279 1156 1161 959 877
229 11 1150 1355 5718 851
194 49 725 1329 24086 326
63 86 1359 1432 17719 324
190 249 1070 1227 19244 414
173 120 1017 1059 23642 317
256 351 684 1353 10554 870
262 162 1394 1427 20792 380
68 188 1368 1380 17472 695
144 9 1351 1355 10822 378
281 54 73 1142 2692 572
58 180 675 778 11359 355
383 102 40 216 13051 1322
10 8 316 577 26237 1353
208 133 1415 1423 22088 312
210 251 267 567 7303 1255
183 323 1164 1271 26863 894
245 291 550 1156 13883 596
222 153 268 935 20940 1221
57 15 835 852 1192 40
82 175 351 1265 11094 71
177 392 155 401 10834 1380
52 164 481 1293 3101 548
300 287 1325 1395 26737 1315
307 35 693 1150 10923 578
132 126 1121 1252 22421 953
153 335 206 1275 1890 1318
129 366 883 949 10813 1303
392 149 1361 1366 4257 766
385 67 75 596 9272 1077
304 376 940 1056 4713 497
196 293 1143 1339 11965 1134
330 236 450 894 14043 554
329 200 876 1177 14643 88
72 174 46 1415 1852 981
291 258 608 1342 26332 1229
342 264 799 984 10948 559
287 28 1099 1283 15131 442
127 235 733 879 18287 1398
311 143 1248 1356 26548 234
240 261 66 1131 17825 137
41 88 1378 1420 6156 202
109 145 1229 1416 349 1363
59 144 1069 1189 25940 278
377 3 944 1174 26051 266
164 96 727 808 15897 473
32 233 21 1079 5154 1285
319 121 1293 1389 20071 64
389 340 794 831 16221 327
371 247 1141 1273 5392 159
306 59 289 1400 1266 899
322 269 1051 1054 11149 771
73 338 1024 1149 23670 961
156 95 1256 1405 12227 46
188 283 156 989 20525 907
219 279 941 1301 3945 34
38 52 714 1415 23789 1177
43 208 422 824 22655 177
319 241 289 883 7991 929
270 102 849 1250 4693 54
20 315 237 1105 13631 985
337 56 928 1153 24409 1058
271 13 496 1002 24453 1337
217 167 640 783 15852 100
319 203 1319 1353 26777 155
263 210 1168 1363 26351 442
118 37 460 911 4400 782
207 363 2 125 15861 686
292 174 81 983 8764 1136
35 145 478 1293 4881 35
27 44 633 745 494 38
285 234 402 1421 6322 1241
317 213 640 1164 5818 1211
397 261 1067 1290 298 1302
162 121 655 812 10828 1256
111 143 311 765 4813 387
182 392 137 805 23935 983
1 236 965 1186 7465 276
337 395 1095 1317 6350 193
31 322 638 1149 615 666
149 325 511 1396 2684 1336
241 137 440 832 18846 850
2 197 368 903 3928 1281
58 349 924 1394 18770 306
138 77 1179 1209 25969 1198
226 389 309 505 20614 930
370 196 476 1356 18621 285
200 294 1400 1425 16751 373
327 168 810 1041 11624 934
376 374 744 1187 18150 138
20 257 756 1426 14493 1278
241 221 1097 1397 11669 48
5 35 801 922 17302 1286