200
201 205 0 1440 540 7
188 192 0 1440 26504 373
201 187 0 1440 7610 107
202 201 0 1440 10044 141
209 183 0 1440 3144 44
204 180 0 1440 15473 217
204 197 0 1440 16401 231
219 200 0 1440 6130 86
193 215 0 1440 19060 268
211 187 0 1440 13648 192
197 194 0 1440 21897 308
203 213 0 1440 5590 78
219 208 0 1440 6199 87
209 195 0 1440 22213 312
204 204 0 1440 8158 114
200 202 0 1440 19814 279
196 208 0 1440 18479 260
201 191 0 1440 974 13
206 200 0 1440 7287 102
202 179 0 1440 15776 222
190 181 0 1440 7879 72
195 180 0 1440 3849 35
209 222 0 1440 9223 84
176 180 0 1440 9246 84
175 192 0 1440 20934 192
195 167 0 1440 10602 97
202 236 0 1440 15367 140
196 221 0 1440 7444 68
219 185 0 1440 8998 82
215 172 0 1440 25216 231
197 180 0 1440 12008 110
183 175 0 1440 5603 51
204 234 0 1440 9383 86
212 231 0 1440 16252 149
197 179 0 1440 6638 60
185 161 0 1440 12384 113
215 182 0 1440 11786 108
213 175 0 1440 10557 96
211 227 0 1440 10164 93
212 167 0 1440 22821 209
235 249 0 1440 18971 267
201 247 0 1440 14977 210
194 254 0 1440 7919 111
207 256 0 1440 23818 335
207 143 0 1440 3613 50
192 144 0 1440 1558 21
209 151 0 1440 19308 271
214 141 0 1440 1583 22
193 152 0 1440 18433 259
209 147 0 1440 18386 258
197 150 0 1440 8330 117
205 260 0 1440 8343 117
245 166 0 1440 8962 126
211 154 0 1440 17093 240
235 161 0 1440 3396 47
209 258 0 1440 21929 308
156 229 0 1440 26943 379
248 162 0 1440 4600 64
149 182 0 1440 10707 150
227 242 0 1440 9936 139
257 173 0 1440 16259 149
188 268 0 1440 21540 197
230 266 0 1440 24948 228
220 140 0 1440 13364 122
146 152 0 1440 2662 24
192 119 0 1440 10696 98
222 262 0 1440 3147 28
140 184 0 1440 12189 111
216 137 0 1440 6174 56
214 258 0 1440 24061 220
193 119 0 1440 22737 208
135 153 0 1440 20694 189
217 279 0 1440 493 4
136 155 0 1440 13766 126
240 148 0 1440 10197 93
227 131 0 1440 11601 106
127 187 0 1440 5476 50
134 241 0 1440 10198 93
124 200 0 1440 1342 12
237 254 0 1440 1415 12
266 143 0 1440 12227 172
287 167 0 1440 6734 94
148 122 0 1440 3096 43
115 235 0 1440 12148 171
145 140 0 1440 11069 155
145 263 0 1440 23120 325
131 260 0 1440 18164 255
211 116 0 1440 8776 123
180 108 0 1440 6922 97
117 165 0 1440 8996 126
157 120 0 1440 3693 52
131 244 0 1440 345 4
216 112 0 1440 6352 89
185 121 0 1440 7903 111
214 117 0 1440 21051 296
178 101 0 1440 22542 317
221 110 0 1440 9840 138
188 99 0 1440 11913 167
300 185 0 1440 16588 233
234 123 0 1440 2664 37
197 96 0 1440 16075 147
94 150 0 1440 25946 238
287 124 0 1440 11460 105
250 303 0 1440 16062 147
191 311 0 1440 22107 202
271 270 0 1440 1842 16
295 142 0 1440 11896 109
265 289 0 1440 8575 78
161 99 0 1440 21901 200
257 283 0 1440 2081 19
140 97 0 1440 5733 52
260 106 0 1440 1938 17
134 107 0 1440 4635 42
193 320 0 1440 10536 96
289 130 0 1440 23759 217
99 167 0 1440 25808 236
264 98 0 1440 16191 148
291 248 0 1440 10359 95
161 85 0 1440 356 3
104 134 0 1440 19430 178
123 97 0 1440 18879 265
114 114 0 1440 609 8
212 74 0 1440 8054 113
120 298 0 1440 6028 84
190 68 0 1440 26598 374
140 82 0 1440 11668 164
87 245 0 1440 6432 90
253 315 0 1440 6673 93
248 319 0 1440 2676 37
233 315 0 1440 16872 237
180 318 0 1440 7795 109
100 103 0 1440 18141 255
246 70 0 1440 3861 54
205 76 0 1440 7554 106
133 81 0 1440 23135 325
187 65 0 1440 25344 356
92 143 0 1440 19866 279
313 240 0 1440 4472 62
105 273 0 1440 21937 308
176 64 0 1440 25046 352
101 79 0 1440 20144 184
276 76 0 1440 18700 171
231 45 0 1440 3450 31
223 347 0 1440 14665 134
56 269 0 1440 22496 206
300 300 0 1440 3610 33
326 128 0 1440 25977 238
134 66 0 1440 27172 249
126 61 0 1440 2300 21
61 118 0 1440 17929 164
278 322 0 1440 7715 70
166 45 0 1440 6541 60
338 270 0 1440 8098 74
261 66 0 1440 21 0
317 309 0 1440 19140 175
218 41 0 1440 11762 107
300 97 0 1440 2051 18
289 84 0 1440 7687 70
271 78 0 1440 12572 115
299 79 0 1440 7960 73
111 62 0 1440 14546 204
253 30 0 1440 20188 284
310 79 0 1440 10987 154
247 34 0 1440 23659 333
194 379 0 1440 10991 154
45 130 0 1440 5759 81
331 91 0 1440 651 9
52 134 0 1440 2102 29
361 131 0 1440 11776 165
231 38 0 1440 3719 52
199 33 0 1440 18823 265
348 129 0 1440 20814 293
298 51 0 1440 15113 212
125 352 0 1440 3023 42
274 38 0 1440 23977 337
194 34 0 1440 18145 255
72 88 0 1440 16962 238
214 363 0 1440 24665 347
335 101 0 1440 8453 119
145 33 0 1440 19397 273
170 22 0 1440 6724 61
356 102 0 1440 235 2
62 62 0 1440 7286 66
117 30 0 1440 19595 179
52 97 0 1440 6014 55
276 380 0 1440 7529 69
172 8 0 1440 4722 43
125 380 0 1440 4988 45
319 39 0 1440 15793 144
19 285 0 1440 8241 75
312 37 0 1440 4975 45
122 35 0 1440 24915 228
155 382 0 1440 11905 109
16 148 0 1440 9560 87
297 25 0 1440 21016 192
194 18 0 1440 24326 223
103 364 0 1440 5850 53
145 11 0 1440 5150 47
339 326 0 1440 1687 15
189 392 0 1440 6143 56
