25
45 112 28 1382 18462 8
100 348 359 714 24149 798
300 266 93 402 23797 851
352 376 356 530 14140 1378
150 384 838 1236 11919 1252
38 202 727 1160 9451 760
314 244 1105 1372 21467 66
102 117 344 1400 5142 209
198 301 721 1284 4685 142
195 244 518 1311 9397 1425
389 3 1223 1316 11457 1078
67 181 573 1304 14079 262
0 238 49 850 20259 1
60 155 483 784 16682 135
145 234 20 1354 6961 896
101 144 463 1420 4687 478
178 74 94 1395 19728 1289
164 273 326 1342 8273 662
247 123 756 1126 16828 514
153 250 1397 1424 18788 1434
321 324 107 238 2065 811
364 92 1217 1437 10002 252
10 376 622 806 5810 231
387 387 998 1222 2462 1015
6 120 515 1012 14142 982