60
271 74 537 1116 13861 363
14 10 935 1149 3296 432
28 261 1109 1328 24690 952
226 8 981 1074 20245 1001
239 389 355 658 18017 962
86 72 157 204 23055 801
11 135 910 1013 11732 463
176 323 1039 1372 19202 505
72 292 493 1394 25693 306
344 290 1412 1434 22902 926
49 119 1009 1134 7142 276
388 156 736 923 12409 29
112 329 307 1054 18930 1017
313 225 973 1189 10876 1010
292 203 213 640 25445 191
194 200 1380 1395 24980 1039
71 372 147 171 15799 535
141 111 708 859 369 890
103 3 1080 1364 26807 742
231 234 854 1075 21508 1299
319 205 1010 1138 17556 195
275 79 1090 1312 1407 1010
121 142 1032 1091 21855 482
30 371 64 832 21128 952
87 193 792 944 11526 1220
300 222 1168 1433 17426 676
298 60 330 509 12799 1091
121 252 273 995 8873 150
316 207 1097 1432 11824 760
238 377 1246 1371 5186 121
254 226 596 998 11253 29
194 173 687 742 8667 1036
306 231 431 875 11989 897
175 1 25 94 1258 567
275 185 1310 1330 23333 194
82 396 951 1342 24410 723
373 159 1141 1406 25891 550
398 304 317 518 23814 461
153 105 161 538 11017 1198
103 369 217 375 14667 1062
115 99 513 1377 1288 920
386 233 1016 1207 21229 232
296 318 483 954 23081 994
198 320 1134 1315 23679 475
119 8 1272 1299 22039 420
383 25 878 971 13524 1257
273 344 1281 1420 9195 96
188 274 1398 1417 14945 225
178 160 623 1333 12139 1427
68 13 695 1215 20097 368
154 44 862 990 26029 881
119 328 1131 1186 10680 778
170 122 154 1165 23012 1144
140 216 548 554 15671 851
194 84 454 958 2196 1116
356 88 445 1218 13013 1376
224 142 1194 1219 19152 450
344 72 1295 1408 7060 1136
195 326 1318 1355 6591 778
393 218 202 561 6914 457