60
94 21 842 843 15911 533
64 68 1027 1357 7181 572
154 279 1235 1341 8113 850
244 188 1050 1215 19566 512
289 77 159 1404 11371 1008
135 131 1304 1421 22005 1393
116 181 1040 1210 5528 219
248 69 457 1212 2222 77
20 206 806 1146 25008 1065
290 365 1308 1341 13496 1135
377 362 956 1143 8260 1292
65 275 272 383 25845 1228
157 139 655 725 12206 476
284 8 500 1394 21683 271
365 297 1429 1430 19640 999
283 159 112 1289 24432 48
199 56 1097 1414 13490 696
151 199 1363 1367 10301 1113
31 80 836 880 8610 904
37 284 685 825 4841 638
108 346 767 877 12570 1068
175 242 830 866 12032 1270
194 232 907 1201 5227 26
215 85 1415 1439 5575 1032
315 167 309 755 19551 349
62 118 959 1045 2925 437
240 389 1025 1367 8861 62
78 204 1345 1368 21066 947
336 393 1006 1300 17899 1087
195 369 283 581 22411 1246
26 397 1316 1376 1681 30
307 101 657 1003 24597 462
393 282 423 659 21768 36
142 279 1117 1185 26025 1285
172 172 300 575 22076 1320
183 145 990 1400 19793 816
354 188 90 643 18623 1259
349 314 326 776 21459 1417
125 166 579 1127 15261 350
107 396 332 683 8476 1409
0 115 942 953 6615 260
271 28 140 1052 5717 708
249 268 1330 1376 23388 256
306 328 723 1151 20641 1067
350 334 638 875 401 184
146 361 482 697 14827 1311
254 354 1187 1202 17593 306
395 158 373 1196 5173 338
93 7 38 489 10586 531
182 130 780 1316 12077 697
26 304 996 1022 11944 729
319 295 1103 1407 14087 1082
189 326 1263 1342 20372 1249
280 73 234 1229 5888 548
41 11 272 793 11319 429
145 283 490 976 6982 80
267 196 114 1311 4155 302
132 116 686 1152 2682 15
128 392 250 1218 15294 971
383 130 794 1188 7043 1188