25
195 178 969 1350 12944 80
198 210 48 530 8219 51
190 200 589 1347 15112 93
200 200 1247 1377 10929 67
180 222 66 1356 7136 44
266 166 771 1252 11885 73
201 119 415 987 12475 77
160 153 260 1336 11812 73
134 153 1376 1403 21439 133
263 244 866 1089 13888 86
304 185 724 745 25849 160
275 240 902 1188 25112 155
262 141 90 1311 18071 112
122 122 989 1000 19744 122
133 104 180 1400 24753 153
180 60 967 982 16571 102
149 332 1143 1351 9744 60
262 91 1036 1163 22957 142
170 60 453 496 14697 91
111 296 986 1430 9182 57
50 102 562 899 24204 150
237 396 858 1431 20116 124
253 18 1371 1437 16433 102
276 21 1230 1349 9246 57
105 365 837 1009 9345 58
