40
365 121 1300 1350 37 868
348 241 400 730 5 334
252 311 0 1440 50 1234
180 180 240 295 40 146
121 359 520 690 9 410
175 130 440 492 40 149
249 305 0 500 25 1303
12 219 790 1340 3 470
200 201 0 1440 10 1020
245 183 900 940 25 387
58 256 1220 1260 16 1373
230 200 71 121 40 170
120 309 410 970 25 862
65 147 1080 1260 34 980
235 121 40 50 4 1393
210 110 840 891 40 150
120 340 30 390 40 903
201 201 0 500 1 111
303 147 200 800 40 302
201 201 0 500 1 103
85 108 140 270 25 918
310 367 110 860 23 680
22 98 360 800 36 844
203 203 1240 1290 40 145
252 151 0 800 50 150
40 156 410 830 6 332
133 128 50 530 15 1359
184 80 700 760 25 1217
49 287 1340 1390 33 377
312 181 1150 1390 37 1263
88 68 1230 1250 12 1314
205 155 1040 1087 40 154
277 139 1260 1310 29 1117
400 400 0 500 40 801
202 203 0 1440 2 201
319 94 1210 1320 20 914
165 90 640 683 40 158
151 96 650 750 40 120
399 1 500 1000 50 702
16 197 340 1290 24 1352
