50
346 10 1420 1430 6 360
377 371 390 1380 16 924
333 329 920 1190 4 1238
75 61 460 970 10 1170
247 396 1440 1440 8 696
394 104 260 580 8 916
356 150 900 1130 22 1078
115 70 880 1130 12 1034
201 201 0 500 1 111
180 180 240 295 40 146
115 0 1250 1400 27 986
137 133 570 1170 18 635
162 30 40 1270 22 370
400 400 0 500 40 801
269 191 1310 1380 28 571
230 200 71 121 40 170
200 201 0 1440 10 1020
205 155 1040 1087 40 154
185 224 960 1090 13 1022
373 58 120 890 1 1211
303 147 200 800 40 302
1 248 220 1180 23 1401
280 381 1360 1410 26 835
92 337 1000 1230 19 898
203 203 1240 1290 40 145
175 130 440 492 40 149
127 268 960 1080 25 698
252 311 0 1440 50 1234
314 326 770 800 5 633
210 110 840 891 40 150
201 201 0 500 1 103
397 168 810 1380 22 917
202 203 0 1440 2 201
326 300 550 820 18 1012
260 263 1040 1200 26 788
366 212 320 370 17 1117
318 197 570 1130 9 619
252 151 0 800 50 150
4 27 1210 1220 31 926
151 96 650 750 40 120
165 90 640 683 40 158
215 182 70 110 22 816
213 226 830 1240 32 372
279 349 510 810 25 354
4 260 540 1340 13 869
249 305 0 500 25 1303
399 1 500 1000 50 702
349 261 580 1060 1 1421
278 217 400 450 23 1031
73 372 490 540 3 1310
