175
387 286 1140 1340 35 738
230 200 71 121 40 170
213 203 760 1270 39 819
310 376 1390 1420 31 311
127 312 860 1140 37 883
120 220 1060 1260 24 1034
336 197 1270 1320 28 977
142 330 750 830 5 876
69 265 1430 1430 6 765
272 4 810 970 1 1023
72 366 30 710 9 456
369 51 1060 1090 1 743
318 105 1050 1380 24 526
252 151 0 800 50 150
201 201 0 500 1 103
109 137 1040 1280 40 389
47 236 490 1370 5 312
207 317 380 450 32 1115
88 65 760 1430 40 1223
335 242 800 1260 7 511
248 131 680 1110 40 630
70 222 120 830 31 1255
260 160 840 890 35 1060
178 167 1100 1110 25 1396
193 390 410 1200 25 669
167 65 100 1070 25 889
241 235 470 890 30 542
267 2 1420 1430 32 394
92 61 1000 1130 21 683
210 110 840 891 40 150
269 73 1190 1380 7 1268
238 14 1130 1130 31 450
44 314 1250 1400 35 1378
178 150 1050 1130 37 547
231 125 750 1100 22 814
335 90 810 1390 28 768
37 151 930 1290 27 1312
41 367 490 580 15 305
109 400 1260 1320 33 347
313 303 880 1150 1 1162
179 43 1180 1210 34 1095
212 376 1250 1260 21 399
175 130 440 492 40 149
201 188 1060 1160 2 1318
203 203 1240 1290 40 145
396 324 880 1320 40 965
36 259 360 1140 30 1371
90 179 550 1220 4 338
349 220 1090 1140 32 1357
285 45 1370 1430 13 1274
70 326 1330 1390 28 648
302 391 890 1030 13 1398
180 180 240 295 40 146
363 273 680 1030 33 608
249 305 0 500 25 1303
10 323 370 530 36 466
234 39 1370 1370 9 409
163 141 180 630 14 1207
315 252 1200 1300 7 445
72 324 670 1180 37 1209
224 354 1190 1260 12 351
85 386 540 820 33 671
376 81 200 1420 17 490
202 297 1080 1290 35 1192
356 98 1140 1140 27 407
209 168 950 1300 20 1309
298 189 1320 1440 34 332
157 286 530 1180 13 1194
160 144 1340 1350 36 491
354 303 1170 1260 13 492
190 228 440 1030 18 358
303 147 200 800 40 302
125 3 40 50 10 1241
89 231 360 450 29 1050
283 378 730 880 7 1409
202 203 0 1440 2 201
345 157 1350 1440 29 1253
161 277 780 780 8 859
246 30 1010 1370 18 857
44 102 40 70 8 1103
172 91 1190 1380 40 1092
138 289 150 700 20 746
151 96 650 750 40 120
338 253 930 1380 15 749
144 250 60 1370 31 562
373 308 1290 1440 4 652
377 69 650 730 9 1173
49 322 850 1100 35 698
29 47 120 490 30 1182
356 91 0 380 22 1148
7 93 980 1140 40 1183
267 193 1270 1310 22 734
266 77 200 1220 4 699
62 398 480 1150 35 1146
19 190 1330 1370 24 434
10 188 480 850 24 802
114 281 20 430 2 946
50 241 350 530 7 435
245 228 1100 1430 19 1440
364 207 1390 1440 20 516
377 33 1090 1320 17 1232
211 73 300 900 32 456
387 237 490 1250 15 522
14 57 490 930 25 949
197 42 1220 1410 16 1219
272 239 230 810 11 623
346 219 520 1350 29 648
336 315 350 1090 11 1376
178 141 30 750 13 956
115 346 40 420 18 1074
77 322 820 1190 32 1149
352 332 1220 1330 28 423
336 126 710 790 29 910
46 244 190 210 13 708
43 284 950 1320 11 526
201 201 0 500 1 111
14 294 1240 1390 23 935
35 155 1060 1080 11 853
84 172 480 500 21 1002
154 380 1050 1070 33 995
400 400 0 500 40 801
234 161 1110 1190 15 1094
68 261 340 1220 10 753
311 170 310 1000 21 1116
224 63 980 1430 12 635
240 198 220 1370 32 568
200 201 0 1440 10 1020
115 295 1000 1160 31 595
36 273 480 710 38 305
75 384 840 1300 5 1031
282 318 220 1280 12 776
193 200 1180 1190 19 1258
325 208 670 750 38 453
399 1 500 1000 50 702
93 166 760 1280 35 469
239 358 1100 1410 16 502
132 284 520 730 26 1414
234 332 40 90 3 933
400 4 60 900 38 929
308 283 1360 1360 29 994
101 227 1400 1430 22 991
207 57 500 700 34 368
86 56 250 1060 35 1004
71 5 540 880 40 1231
103 274 460 1370 14 1265
302 200 500 1310 9 356
144 337 1140 1220 37 544
296 15 990 1240 2 926
107 58 200 980 4 394
73 367 190 530 5 786
261 10 910 990 6 565
379 50 630 760 23 564
316 165 880 1350 39 979
252 311 0 1440 50 1234
205 155 1040 1087 40 154
363 278 1220 1250 37 1247
145 14 1100 1280 30 812
235 252 1330 1440 33 794
194 211 880 1080 37 1072
165 90 640 683 40 158
380 102 1310 1390 24 1310
131 345 610 1170 17 1108
84 201 740 830 21 561
205 394 810 910 18 1197
206 223 1390 1410 12 733
19 359 1420 1430 10 1020
8 357 1040 1400 20 508
98 353 430 850 19 1113
39 80 1180 1360 32 952
287 319 1060 1200 20 879
362 207 1230 1330 16 1343
258 68 1350 1380 23 570
107 207 270 1400 14 587
267 33 1270 1280 24 980
229 379 850 1080 6 1356
