60
202 203 0 1440 2 201
252 311 0 1440 50 1234
294 162 670 970 2 688
175 130 440 492 40 149
296 240 880 1240 36 1002
131 267 360 1360 1 1368
270 310 990 1260 17 1140
354 31 1080 1360 11 499
302 303 740 1430 19 673
70 344 490 820 9 988
400 400 0 500 40 801
352 124 250 1150 8 1321
71 352 1050 1050 11 1216
149 365 780 1110 4 1089
233 288 1050 1270 11 478
249 305 0 500 25 1303
242 362 440 810 7 682
344 302 490 1420 14 940
276 74 990 1280 20 1060
353 203 90 1120 16 1211
69 278 810 1180 26 1332
188 364 1040 1300 3 1034
230 200 71 121 40 170
209 53 130 650 25 1133
154 83 1130 1420 17 943
399 1 500 1000 50 702
33 311 510 780 9 308
399 328 1070 1090 38 838
70 369 550 1400 19 1198
8 237 360 1360 31 1018
150 369 1280 1360 4 818
151 260 180 680 28 1025
1 395 170 1140 18 714
200 201 0 1440 10 1020
389 243 740 1430 15 560
201 201 0 500 1 103
342 171 1040 1210 29 862
151 96 650 750 40 120
377 398 450 1190 36 1329
97 31 800 1320 8 462
252 151 0 800 50 150
358 198 390 900 3 422
129 368 1010 1430 4 1053
358 266 1360 1390 15 391
162 70 910 1210 16 1094
201 201 0 500 1 111
165 90 640 683 40 158
203 203 1240 1290 40 145
82 310 1010 1270 13 898
147 81 1340 1350 13 952
319 19 800 1100 18 1300
210 110 840 891 40 150
366 94 110 750 12 1043
92 293 1380 1440 22 1131
258 219 550 1380 30 374
65 236 960 1100 2 1225
180 180 240 295 40 146
205 155 1040 1087 40 154
303 147 200 800 40 302
216 264 260 520 10 1348
