150
122 364 860 970 39 700
334 294 670 1390 15 1000
328 124 1150 1380 3 641
298 249 520 850 26 821
249 305 0 500 25 1303
148 171 1010 1420 28 1210
318 387 140 1070 37 508
191 304 510 800 40 1082
98 86 390 1110 40 814
14 83 1150 1390 16 1063
175 130 440 492 40 149
54 162 350 450 24 568
222 286 1300 1390 27 638
40 321 1170 1300 33 679
33 168 880 980 13 551
214 338 1360 1420 35 647
270 230 980 1320 40 730
12 99 540 760 29 1231
133 76 370 1370 20 938
252 151 0 800 50 150
154 130 550 980 31 321
37 90 620 690 1 407
35 352 950 1410 32 914
301 240 1010 1230 16 841
394 263 850 1260 22 970
388 213 1010 1130 5 794
166 297 1010 1410 34 512
75 161 760 1010 30 893
196 214 520 780 27 1171
389 368 1210 1210 14 989
59 277 600 1030 8 689
111 71 1010 1370 29 345
197 20 1200 1400 10 383
51 61 680 1060 16 664
74 39 110 1430 32 322
196 347 520 840 25 531
303 147 200 800 40 302
294 232 990 1380 12 312
313 391 450 830 22 406
86 344 440 1420 8 417
46 133 1190 1280 25 396
203 203 1240 1290 40 145
205 123 410 1100 31 852
258 355 630 1060 24 1210
15 326 60 1090 32 1269
356 184 80 1270 7 1227
248 110 1240 1290 31 1428
14 104 110 470 11 1275
191 371 880 930 2 838
399 165 100 310 22 512
205 155 1040 1087 40 154
352 214 70 540 4 439
234 254 180 360 7 896
211 58 1160 1320 40 912
201 201 0 500 1 103
335 199 680 870 7 952
40 140 120 1370 5 434
201 201 0 500 1 111
400 400 0 500 40 801
399 83 1130 1250 7 836
317 351 830 1160 17 997
59 362 800 1420 5 336
40 151 1140 1420 8 374
398 377 730 1230 21 1423
42 41 1240 1310 12 536
11 92 980 1230 9 586
44 224 910 1210 26 1264
311 42 1100 1230 23 1422
289 297 970 1140 4 1231
35 238 100 220 4 1251
327 4 910 1290 29 879
134 203 120 1060 33 464
66 255 940 1160 13 1218
363 368 460 1290 20 837
19 343 1150 1440 16 325
167 167 60 500 13 1108
206 40 1060 1290 16 687
224 141 1070 1090 13 1380
360 251 630 940 32 409
353 139 360 690 23 907
198 126 1260 1290 36 1245
158 224 10 460 17 753
198 100 1330 1420 39 359
158 356 320 1110 5 343
20 270 280 960 7 373
66 348 450 1390 17 1393
268 300 890 1240 34 774
249 222 240 1400 33 618
151 96 650 750 40 120
309 281 510 1030 21 1026
298 158 70 560 4 983
324 217 290 680 29 622
230 200 71 121 40 170
27 26 1140 1190 16 961
200 201 0 1440 10 1020
64 307 590 1080 33 1092
394 157 1260 1260 18 1285
338 346 1010 1380 28 1215
252 311 0 1440 50 1234
352 272 190 250 34 1234
180 180 240 295 40 146
262 399 250 980 8 1003
355 328 760 1180 19 943
18 87 680 1400 1 505
13 205 1080 1440 34 869
237 318 1010 1010 34 816
75 279 1160 1260 6 684
293 41 530 790 31 405
294 96 1300 1350 13 481
163 208 620 660 22 1277
44 66 250 360 28 1395
349 183 1060 1190 10 952
234 306 250 570 23 1290
291 147 1320 1380 3 1067
384 219 800 890 22 1039
79 23 90 1140 23 1056
7 207 810 980 31 445
50 375 170 910 38 1357
82 265 1160 1240 28 957
239 88 380 1300 13 698
373 346 730 1100 28 601
265 318 920 1310 12 1396
253 31 360 960 28 1315
324 78 100 1220 38 467
399 1 500 1000 50 702
199 147 830 1170 3 1284
131 310 20 580 12 708
383 7 270 650 11 1002
244 249 230 1340 23 1214
355 295 1170 1270 3 508
180 81 910 1150 11 1263
12 25 710 1100 27 784
272 280 140 870 1 1128
171 309 1240 1280 25 317
165 90 640 683 40 158
333 30 360 1050 6 778
291 392 1250 1280 9 637
325 388 980 1020 14 586
119 137 150 620 3 739
390 314 1340 1350 26 948
137 74 530 990 20 1130
321 192 1030 1200 16 402
218 71 610 750 20 1196
356 237 740 1200 1 967
202 203 0 1440 2 201
357 9 990 1150 8 1052
126 136 450 1360 27 1166
214 345 820 990 14 1111
210 110 840 891 40 150
278 47 840 1340 22 1101
