200
87 257 810 830 18 1349
135 376 1410 1420 9 436
386 269 80 1240 28 338
212 104 640 790 35 514
265 30 1160 1210 31 1182
28 115 40 1110 25 1242
74 334 680 1050 27 797
58 119 1380 1400 8 897
179 319 1430 1440 29 1060
22 138 1170 1380 10 547
291 287 350 440 16 1151
117 110 250 1370 26 644
285 163 820 1380 11 923
285 81 590 600 13 907
72 70 150 410 34 1246
326 280 1440 1440 3 318
156 41 100 1250 16 1038
178 146 450 980 14 591
370 100 800 1230 33 550
276 50 1410 1410 38 669
241 124 860 1290 20 1384
249 305 0 500 25 1303
238 236 910 1330 40 559
188 362 1250 1410 8 581
21 159 610 1270 22 653
201 201 0 500 1 103
2 208 1080 1270 21 610
332 119 1430 1430 9 1136
268 167 1410 1430 9 348
258 57 1140 1390 8 1282
343 193 1110 1320 22 1151
399 1 500 1000 50 702
320 177 1280 1330 35 678
78 52 60 1080 14 371
151 393 1340 1360 21 1160
146 203 980 1000 5 1095
318 328 430 760 9 489
340 291 1130 1180 19 1101
77 39 990 1330 16 567
152 39 1390 1420 38 957
254 295 70 830 23 1199
210 281 520 1100 35 834
397 287 0 820 38 1317
230 200 71 121 40 170
212 137 380 560 27 766
303 147 200 800 40 302
377 57 640 650 26 477
309 325 860 910 21 325
289 108 1340 1340 14 576
252 311 0 1440 50 1234
156 370 580 1090 3 1426
205 155 1040 1087 40 154
1 22 490 1430 6 1126
385 125 850 1440 15 1167
224 44 140 590 8 1366
106 5 450 1400 6 844
127 137 740 840 34 487
311 181 430 580 14 1246
349 56 500 620 31 1039
147 202 270 1060 26 951
93 212 620 1050 22 711
358 277 950 1180 37 506
35 183 400 590 31 563
327 38 230 290 28 1041
206 54 230 1400 14 1095
235 237 790 1360 12 753
192 149 470 1320 4 1118
311 314 1280 1290 7 493
368 128 750 830 34 453
268 219 890 1230 25 414
172 213 980 1310 6 987
55 126 640 1220 31 1364
303 214 970 1330 35 1334
268 180 1130 1420 29 967
151 96 650 750 40 120
119 129 480 890 29 826
175 290 820 1420 29 1136
38 100 1140 1360 28 785
223 58 130 450 1 1286
193 390 40 730 8 1223
251 32 240 330 25 969
210 110 840 891 40 150
14 124 1090 1440 1 861
72 245 640 1380 28 1287
145 145 570 1230 33 864
209 297 1380 1440 2 519
233 294 640 1030 34 327
399 378 220 1000 13 674
367 127 1330 1440 31 1276
245 84 360 1090 30 372
347 310 1160 1360 21 1016
387 379 10 770 7 1200
230 290 490 1060 36 1145
243 389 1130 1240 24 1324
187 256 1010 1170 21 476
239 334 1140 1290 38 769
252 298 100 1300 13 409
283 348 560 810 8 907
135 30 1320 1330 22 440
252 151 0 800 50 150
315 143 1080 1120 2 695
259 30 680 1350 8 1032
381 253 580 1310 5 731
200 94 990 1050 24 690
396 3 830 1210 6 460
2 219 510 550 32 1363
86 140 1380 1380 16 751
27 46 940 1190 39 894
280 127 260 500 34 1262
191 97 510 670 25 557
172 370 1290 1340 38 711
357 11 1370 1440 39 725
202 203 0 1440 2 201
199 93 870 1260 26 1011
194 384 100 690 28 1216
390 87 810 810 40 826
201 201 0 500 1 111
241 334 990 1250 11 1185
339 28 310 930 13 337
228 37 300 610 5 301
209 251 880 1040 30 359
33 368 600 900 26 803
68 164 590 1050 20 834
336 198 1300 1440 18 722
43 4 180 1440 30 628
244 254 540 1190 18 1035
110 0 1400 1410 39 712
255 247 780 1330 36 709
275 21 820 1260 28 1313
107 49 1070 1340 31 680
362 171 870 990 3 1416
96 115 820 1320 6 922
50 137 1180 1260 32 1004
165 90 640 683 40 158
134 249 210 620 33 1285
350 265 60 340 29 480
105 313 550 1020 3 1299
29 28 860 1420 25 745
243 58 170 1090 22 922
203 203 1240 1290 40 145
309 57 1140 1280 30 552
131 42 1000 1190 40 1298
242 326 670 690 6 1423
293 152 1060 1080 21 1187
127 205 20 250 24 1067
56 119 850 1380 10 672
368 8 770 1020 24 1402
207 292 230 990 27 461
260 126 190 1120 2 515
305 360 640 1030 40 1109
400 400 0 500 40 801
249 15 940 1400 6 489
34 324 420 890 33 480
252 67 1140 1330 11 709
362 28 920 1320 19 1346
371 373 1440 1440 37 1387
132 66 800 980 32 660
73 318 110 1440 31 1426
146 200 670 990 33 1347
82 210 230 640 25 306
9 230 360 550 30 516
51 134 200 1070 15 956
381 246 500 1340 20 520
318 76 50 1100 27 582
99 325 1290 1350 29 665
244 36 500 1290 40 1335
66 36 530 920 21 686
325 149 840 1390 12 406
357 339 950 1160 19 797
376 145 290 620 1 1251
400 146 580 1070 31 548
180 180 240 295 40 146
311 22 420 910 3 1437
310 110 270 1010 20 1428
196 65 1030 1190 38 530
7 298 1320 1320 1 1141
1 334 650 1190 7 332
67 139 0 120 25 981
100 143 360 740 20 1003
350 16 1220 1270 15 615
114 276 290 290 25 334
85 349 850 990 4 621
175 130 440 492 40 149
242 71 800 1310 19 580
2 27 890 1440 13 1195
122 18 1310 1350 14 1252
148 316 210 310 35 1169
324 360 1270 1430 27 1311
235 16 1320 1370 37 1347
246 6 400 780 25 704
225 177 650 1390 4 763
217 84 1150 1320 21 436
353 17 40 1360 31 1258
121 141 490 730 35 437
200 201 0 1440 10 1020
31 31 1310 1320 23 1304
96 208 280 990 16 567
44 154 940 1180 39 870
396 347 210 1100 26 542
271 329 1430 1440 5 1375
