25
249 305 0 500 25 1303
165 90 640 683 40 158
400 400 0 500 40 801
200 201 0 1440 10 1020
97 35 710 1340 23 368
303 147 200 800 40 302
205 155 1040 1087 40 154
181 349 120 1260 11 919
201 201 0 500 1 111
298 79 140 1370 1 687
210 110 840 891 40 150
125 195 430 1170 11 368
203 203 1240 1290 40 145
180 180 240 295 40 146
256 82 690 1000 31 1281
252 311 0 1440 50 1234
175 130 440 492 40 149
202 203 0 1440 2 201
151 96 650 750 40 120
252 151 0 800 50 150
399 1 500 1000 50 702
27 208 350 960 2 711
201 201 0 500 1 103
230 200 71 121 40 170
134 118 1190 1290 9 637
