150
150 1 0 1440 743 516
200 2 0 1440 200 10
200 3 0 1440 20 100
350 4 0 1440 15 40
200 5 0 1440 70 160
90 6 0 1440 40 100
400 7 0 1440 100 100
200 8 0 1440 300 30
100 9 0 1440 200 200
225 10 0 1440 100 100
77 11 0 1440 10 22
90 12 0 1440 30 30
37 13 0 1440 69 80
90 14 0 1440 22 33
20 15 0 1440 22 24
150 16 0 1440 743 516
200 17 0 1440 200 10
200 18 0 1440 20 100
350 19 0 1440 15 40
200 20 0 1440 70 160
90 21 0 1440 40 100
400 22 0 1440 100 100
200 23 0 1440 300 30
100 24 0 1440 200 200
225 25 0 1440 100 100
77 26 0 1440 10 22
90 27 0 1440 30 30
37 28 0 1440 69 80
91 29 0 1440 22 33
20 30 0 1440 22 24
150 31 0 1440 743 516
200 32 0 1440 200 10
200 33 0 1440 20 100
350 34 0 1440 15 40
200 35 0 1440 70 160
90 36 0 1440 40 100
400 37 0 1440 100 100
200 38 0 1440 300 30
100 39 0 1440 200 200
225 40 0 1440 100 100
77 41 0 1440 10 22
90 42 0 1440 30 30
37 43 0 1440 69 80
90 44 0 1440 22 33
20 45 0 1440 22 24
150 46 0 1440 743 516
200 47 0 1440 200 10
200 48 0 1440 20 100
350 49 0 1440 15 40
200 50 0 1440 70 160
90 51 0 1440 40 100
400 52 0 1440 100 100
200 53 0 1440 300 30
100 54 0 1440 200 200
225 55 0 1440 100 100
77 56 0 1440 10 22
90 57 0 1440 30 30
58 58 0 1440 69 80
90 59 0 1440 22 33
20 60 0 1440 22 24
150 61 0 1440 743 516
200 62 0 1440 200 10
200 63 0 1440 20 100
74 64 0 1440 15 40
200 65 0 1440 70 160
71 66 0 1440 40 100
400 67 0 1440 100 100
200 68 0 1440 300 30
100 69 0 1440 200 200
225 70 0 1440 704 500
77 71 0 1440 423 22
90 72 0 1440 430 290
37 73 0 1440 69 80
90 74 0 1440 22 33
20 75 0 1440 22 24
150 76 0 1440 743 516
200 77 0 1440 200 10
200 78 0 1440 20 100
350 79 0 1440 15 40
200 80 0 1440 70 160
90 81 0 1440 696 710
400 82 0 1440 100 100
200 83 0 1440 300 30
393 84 0 1440 200 200
225 85 0 1440 100 100
77 86 0 1440 910 72
90 87 0 1440 30 30
37 88 0 1440 69 80
90 89 0 1440 22 33
20 90 0 1440 22 24
150 91 0 1440 743 516
200 92 0 1440 200 10
120 93 0 1440 20 100
350 94 0 1440 705 703
200 95 0 1440 70 160
90 96 0 1440 40 100
400 97 0 1440 100 100
200 98 0 1440 300 350
100 99 0 1440 200 200
225 100 0 1440 775 300
77 101 0 1440 10 22
90 102 0 1440 30 30
37 103 0 1440 69 80
90 104 0 1440 22 33
20 105 0 1440 22 24
150 106 0 1440 743 516
200 107 0 1440 200 10
200 108 0 1440 20 100
350 109 0 1440 15 40
200 110 0 1440 70 160
90 111 0 1440 40 100
400 112 0 1440 100 100
200 113 0 1440 300 30
100 114 0 1440 596 299
141 115 0 1440 100 100
77 116 0 1440 10 22
90 117 0 1440 30 30
37 118 0 1440 69 80
90 119 0 1440 22 33
20 120 0 1440 22 24
150 121 0 1440 743 516
200 122 0 1440 200 10
200 123 0 1440 20 100
350 124 0 1440 15 40
200 125 0 1440 70 160
90 126 0 1440 40 100
32 127 0 1440 100 100
200 128 0 1440 532 30
100 129 0 1440 200 200
225 130 0 1440 100 100
77 131 0 1440 10 22
90 132 0 1440 30 30
37 133 0 1440 69 80
90 134 0 1440 772 776
20 135 0 1440 22 24
150 136 0 1440 743 516
200 137 0 1440 200 10
200 138 0 1440 20 100
350 139 0 1440 15 40
200 140 0 1440 70 160
90 141 0 1440 40 100
400 142 0 1440 452 807
200 143 0 1440 300 30
100 144 0 1440 200 200
225 145 0 1440 100 100
77 146 0 1440 10 22
90 147 0 1440 30 30
37 148 0 1440 623 80
90 149 0 1440 972 83
20 150 0 1440 22 24