150
1 37 0 1440 743 516
2 150 0 1440 200 10
3 100 0 1440 20 100
4 50 0 1440 15 40
5 400 0 1440 70 160
6 25 0 1440 603 300
7 20 0 1440 100 100
8 275 0 1440 300 30
9 50 0 1440 200 200
10 175 0 1440 100 100
11 71 0 1440 10 22
12 50 0 1440 30 30
13 64 0 1440 69 80
14 90 0 1440 22 33
15 21 0 1440 22 24
16 67 0 1440 923 677
17 150 0 1440 200 10
18 100 0 1440 20 100
19 50 0 1440 15 40
20 400 0 1440 70 160
21 25 0 1440 40 100
22 20 0 1440 100 100
23 275 0 1440 300 30
24 50 0 1440 200 200
25 175 0 1440 100 100
26 71 0 1440 10 22
27 50 0 1440 902 830
28 64 0 1440 69 80
29 90 0 1440 22 33
30 201 0 1440 22 24
31 37 0 1440 743 516
32 150 0 1440 200 10
33 100 0 1440 20 100
34 50 0 1440 15 40
35 400 0 1440 884 689
36 25 0 1440 40 100
37 20 0 1440 100 100
38 275 0 1440 300 30
39 50 0 1440 200 200
40 175 0 1440 100 100
41 71 0 1440 956 822
42 50 0 1440 30 30
43 64 0 1440 69 80
44 90 0 1440 22 33
45 21 0 1440 22 24
46 37 0 1440 743 516
47 150 0 1440 200 10
48 100 0 1440 20 100
49 50 0 1440 15 40
50 400 0 1440 70 160
51 25 0 1440 40 100
52 20 0 1440 100 100
53 275 0 1440 300 30
54 50 0 1440 200 200
55 175 0 1440 100 100
56 71 0 1440 10 22
57 50 0 1440 421 777
58 64 0 1440 69 80
59 90 0 1440 22 33
60 21 0 1440 22 24
61 37 0 1440 743 516
62 150 0 1440 200 10
63 100 0 1440 20 100
64 70 0 1440 15 40
65 400 0 1440 70 160
66 25 0 1440 40 100
67 20 0 1440 100 100
68 275 0 1440 300 30
69 50 0 1440 200 200
70 175 0 1440 704 500
71 71 0 1440 423 22
72 50 0 1440 430 290
73 64 0 1440 69 80
74 90 0 1440 22 33
75 21 0 1440 22 24
76 37 0 1440 743 516
77 150 0 1440 200 10
78 302 0 1440 750 666
79 50 0 1440 15 40
80 400 0 1440 70 160
81 25 0 1440 696 710
82 20 0 1440 100 100
83 275 0 1440 300 30
84 30 0 1440 200 200
85 175 0 1440 100 100
86 71 0 1440 910 722
87 50 0 1440 561 230
88 64 0 1440 69 80
89 90 0 1440 22 33
90 21 0 1440 22 24
91 37 0 1440 743 516
92 126 0 1440 200 10
93 100 0 1440 20 100
94 50 0 1440 705 703
95 400 0 1440 70 160
96 25 0 1440 40 100
97 20 0 1440 100 100
98 275 0 1440 300 350
99 50 0 1440 200 200
100 175 0 1440 775 300
101 71 0 1440 10 22
102 50 0 1440 30 30
103 64 0 1440 69 80
104 90 0 1440 22 33
105 21 0 1440 22 24
106 37 0 1440 743 516
107 150 0 1440 200 10
108 100 0 1440 20 100
109 50 0 1440 15 40
110 400 0 1440 70 160
111 25 0 1440 40 100
112 20 0 1440 100 100
113 275 0 1440 300 30
114 50 0 1440 596 299
115 175 0 1440 100 100
116 116 0 1440 10 22
117 50 0 1440 430 190
118 64 0 1440 69 80
119 90 0 1440 22 33
120 21 0 1440 22 24
121 37 0 1440 743 516
122 150 0 1440 200 10
123 100 0 1440 20 100
124 50 0 1440 15 40
125 400 0 1440 70 160
126 25 0 1440 40 100
127 20 0 1440 100 100
128 275 0 1440 532 30
129 50 0 1440 200 200
130 175 0 1440 100 100
131 71 0 1440 10 22
132 50 0 1440 30 30
133 64 0 1440 69 80
134 90 0 1440 772 776
135 21 0 1440 22 24
136 37 0 1440 743 516
137 150 0 1440 200 10
138 111 0 1440 20 100
139 50 0 1440 15 40
140 400 0 1440 70 160
141 25 0 1440 540 438
142 20 0 1440 452 807
143 275 0 1440 300 30
144 50 0 1440 200 200
145 297 0 1440 170 100
146 71 0 1440 10 22
147 50 0 1440 30 30
148 64 0 1440 623 80
149 90 0 1440 972 83
150 274 0 1440 22 24