50
365 1 0 1440 233 227
200 2 0 1440 200 10
200 3 0 1440 20 100
350 4 0 1440 15 40
200 5 0 1440 70 160
90 6 0 1440 40 100
400 7 0 1440 100 100
200 8 0 1440 300 30
100 9 0 1440 200 200
225 10 0 1440 100 100
307 11 0 1440 10 22
351 12 0 1440 30 30
37 13 0 1440 69 80
90 14 0 1440 22 33
20 15 0 1440 202 124
150 16 0 1440 743 516
200 17 0 1440 200 10
200 18 0 1440 20 100
350 19 0 1440 15 40
200 20 0 1440 70 160
90 21 0 1440 40 100
400 22 0 1440 100 100
360 23 0 1440 300 30
321 24 0 1440 200 200
225 25 0 1440 100 100
77 26 0 1440 10 22
90 27 0 1440 30 30
37 28 0 1440 69 80
90 29 0 1440 22 33
263 30 0 1440 22 24
150 31 0 1440 743 516
200 32 0 1440 200 10
200 33 0 1440 20 100
350 34 0 1440 15 40
200 35 0 1440 70 160
90 36 0 1440 40 100
400 37 0 1440 100 100
200 38 0 1440 300 30
100 39 0 1440 205 290
225 40 0 1440 100 100
77 41 0 1440 10 22
90 42 0 1440 30 30
37 43 0 1440 69 80
90 44 0 1440 22 33
20 45 0 1440 22 24
124 46 0 1440 743 516
200 47 0 1440 200 10
277 48 0 1440 20 100
350 49 0 1440 15 40
207 50 0 1440 70 160