25
150 1 0 1440 743 516
200 2 0 1440 200 10
200 3 0 1440 20 100
350 4 0 1440 15 40
200 5 0 1440 70 160
90 6 0 1440 40 100
191 7 0 1440 100 100
25 8 0 1440 300 30
100 9 0 1440 200 200
225 10 0 1440 100 100
400 11 0 1440 10 22
118 12 0 1440 30 30
37 13 0 1440 69 80
90 14 0 1440 22 33
32 15 0 1440 22 24
150 16 0 1440 743 516
337 17 0 1440 200 10
380 18 0 1440 20 100
350 19 0 1440 15 40
200 20 0 1440 70 160
90 21 0 1440 40 100
400 22 0 1440 100 100
218 23 0 1440 300 30
100 24 0 1440 200 200
225 25 0 1440 486 825