40
348 1 0 1440 743 516
200 2 0 1440 200 10
123 3 0 1440 20 100
350 4 0 1440 15 40
200 5 0 1440 70 160
90 6 0 1440 40 100
400 7 0 1440 100 100
200 8 0 1440 300 30
100 9 0 1440 200 200
225 10 0 1440 100 100
77 11 0 1440 1571 922
90 12 0 1440 30 30
226 13 0 1440 69 80
90 14 0 1440 22 33
20 15 0 1440 22 24
150 16 0 1440 743 516
200 17 0 1440 200 10
236 18 0 1440 20 100
350 19 0 1440 15 40
58 20 0 1440 1145 760
90 21 0 1440 40 100
400 22 0 1440 100 100
200 23 0 1440 300 30
100 24 0 1440 200 200
225 25 0 1440 100 100
241 26 0 1440 27200 900
90 27 0 1440 30 30
37 28 0 1440 69 80
90 29 0 1440 22 33
145 30 0 1440 22 24
150 31 0 1440 743 516
200 32 0 1440 200 10
84 33 0 1440 20 100
350 34 0 1440 15 40
200 35 0 1440 70 160
90 36 0 1440 40 100
400 37 0 1440 100 100
200 38 0 1440 300 30
100 39 0 1440 200 200
225 40 0 1440 3060 1000