25
20	20	951	1291	51	93
200	0	512	1289	174	133
192	117	881	1198	47	42
400	0	916	1180	464	335
200	380	238	549	64	97
380	20	20	516	264	306
200	400	1100	1255	245	191
20	200	1057	1435	188	268
380	380	385	1369	180	269
131	47	606	1311	155	158
0	400	195	466	343	236
174	394	646	1197	89	88
20	380	893	1125	159	186
0	200	948	1061	193	163
323	33	972	1370	340	331
400	200	1167	1435	2	1
200	200	773	1250	107	78
242	186	698	1283	59	50
236	156	784	1368	80	80
400	400	308	654	356	271
0	0	400	583	457	317
200	200	907	1124	51	99
200	20	138	698	88	174
379	190	996	1317	342	338
380	200	141	975	43	85