150
269	189	1092	1439	38	35
259	368	943	1228	290	302
376	139	699	1328	257	224
333	200	72	584	405	278
392	4	727	1380	89	98
66	66	9	332	442	337
80	140	164	1368	214	270
380	20	90	301	87	126
260	140	733	1048	215	242
200	333	511	850	473	342
0	200	909	1394	241	175
331	69	614	1083	19	20
260	260	754	969	14	16
66	133	128	686	156	108
400	266	1014	1303	458	326
380	260	384	949	181	341
261	102	238	1162	347	355
140	200	1177	1299	99	122
0	400	517	1328	242	201
4	240	428	1040	374	338
266	333	464	868	380	295
200	380	78	398	142	281
400	66	416	1137	28	21
266	66	645	1374	415	323
333	400	645	949	66	52
244	213	13	1368	183	196
279	48	683	1169	322	342
0	266	116	484	137	105
200	266	789	1439	353	261
302	23	314	1423	182	172
400	333	955	1423	273	189
128	380	541	1128	152	165
400	400	456	1407	71	47
200	140	827	1270	198	237
370	239	1005	1128	26	24
163	373	840	1374	412	349
320	200	1236	1342	115	148
400	133	19	1261	67	48
29	252	1289	1413	86	78
66	400	92	1377	287	239
260	320	915	1125	201	343
140	380	1018	1388	279	330
333	0	769	1335	409	340
140	80	727	1169	202	232
20	320	1008	1429	161	320
140	320	877	1084	229	330
133	400	1101	1310	288	196
5	361	672	1325	329	287
20	140	1079	1324	197	251
312	268	1028	1240	269	252
140	260	1203	1308	89	125
292	366	836	1249	171	160
325	119	192	863	347	342
338	101	1207	1307	110	97
260	80	546	1151	161	230
20	200	18	320	113	130
70	349	85	281	289	283
129	196	466	1427	305	322
291	4	1118	1251	19	21
107	298	320	1131	179	160
320	380	831	1440	167	300
200	320	254	995	115	161
200	66	1065	1189	273	198
80	320	480	880	92	128
20	260	1208	1278	26	52
200	400	950	1187	534	356
0	133	1056	1435	387	318
260	380	1069	1376	77	110
82	320	155	899	121	101
66	0	646	1295	247	203
133	0	44	744	333	270
200	200	30	1190	92	121
140	140	81	636	45	50
66	200	215	1011	439	360
20	80	182	632	138	240
320	140	754	1093	108	156
320	260	25	1006	193	221
202	375	462	1129	357	298
133	266	269	467	336	265
399	100	3	1029	289	302
266	0	28	528	173	134
138	329	396	1266	170	156
400	0	29	986	172	119
34	36	156	376	121	105
200	260	297	1278	48	58
68	386	981	1131	213	226
301	336	132	356	318	319
133	333	766	1207	105	70
200	80	1117	1305	142	242
20	20	196	717	205	341
80	80	199	1251	104	167
133	133	1003	1329	362	286
80	20	474	1106	185	355
20	380	329	509	19	24
367	326	70	714	190	159
341	78	183	1436	226	229
320	20	1029	1324	93	185
378	175	1070	1208	302	267
153	188	801	1432	369	337
0	66	445	942	319	221
244	268	769	1364	258	249
300	85	1287	1319	37	39
0	0	45	1060	210	151
249	344	613	1031	185	179
333	133	723	1024	62	50
0	333	147	823	347	273
82	0	1280	1390	52	51
281	190	1020	1312	304	337
296	228	563	1245	2	2
340	269	956	1298	413	358
380	200	34	1187	199	237
172	191	1219	1327	178	172
260	200	1207	1301	147	182
80	200	225	1244	115	149
252	145	485	1386	383	340
266	400	227	898	428	355
133	200	505	1321	299	221
43	143	203	981	330	326
400	200	989	1252	414	304
200	133	600	858	272	211
66	333	949	1156	335	260
10	174	195	885	128	108
200	200	1174	1248	219	147
260	20	977	1301	189	272
380	80	335	565	165	246
320	80	1169	1320	1	2
80	260	1193	1207	18	23
333	333	251	794	362	275
257	282	648	1077	286	280
333	66	763	1349	364	260
251	249	525	1162	304	317
93	25	671	1036	142	132
266	133	391	1382	424	340
275	255	217	1029	112	120
210	148	53	373	16	14
333	266	1035	1186	192	144
200	20	319	519	269	316
140	20	334	648	188	256
380	320	884	1006	213	241
320	320	670	1054	6	7
133	66	512	1066	135	103
266	266	638	1127	355	258
289	124	917	1003	83	74
380	380	561	955	253	303
66	266	573	963	152	104
266	200	871	1104	441	300
80	380	600	806	13	17
380	140	66	650	88	153
200	0	908	1230	171	117
308	369	530	1043	356	335