40
130	154	170	1008	280	262
0	266	1096	1394	215	177
0	400	660	1422	325	284
140	260	850	1379	254	261
380	20	842	1270	36	51
0	133	199	983	457	345
380	380	607	1019	130	243
266	400	20	503	50	33
260	140	6	884	54	102
380	140	884	1159	20	29
133	400	1290	1404	27	20
92	319	584	1261	44	44
202	142	589	848	263	259
133	133	1356	1422	82	56
140	380	1011	1353	196	251
140	140	1030	1357	246	331
260	380	1198	1263	21	31
400	400	91	727	383	333
266	0	971	1184	57	42
260	20	128	1252	243	307
20	380	811	1399	220	273
400	266	1049	1436	180	126
0	0	449	948	111	78
88	348	383	499	219	225
20	20	1341	1371	37	58
133	266	173	965	5	3
266	133	685	963	60	45
20	140	886	1315	221	345
400	133	372	1124	386	290
260	260	954	1133	148	200
140	20	432	590	10	12
302	232	648	812	310	291
371	17	287	1230	17	17
106	248	10	418	142	145
400	0	219	796	267	234
20	260	635	1137	98	186
31	317	270	422	265	254
133	0	235	934	426	349
380	260	423	1035	215	272
266	266	1201	1341	44	36