25
212	170	448	965	28	26
200	400	423	894	182	132
200	0	958	1346	371	269
200	200	205	481	205	337
18	95	881	1437	306	321
236	223	52	194	329	263
200	380	870	1330	88	102
380	380	910	1354	226	356
0	200	63	1041	36	25
58	81	865	1274	184	141
380	20	130	557	175	316
257	388	196	1279	378	332
20	20	563	1409	238	332
230	258	324	1276	232	252
310	148	368	540	44	48
20	200	142	1104	96	170
0	400	105	888	436	328
200	200	1387	1440	29	20
400	0	501	1176	438	294
0	0	1013	1369	115	82
400	400	1412	1432	7	5
380	200	556	663	86	159
400	200	1052	1289	365	278
20	380	278	1114	121	205
200	20	1213	1349	5	11