40
0	133	313	1379	47	33
400	133	581	1329	325	278
380	20	364	1209	152	192
380	260	920	967	38	64
0	400	556	1334	45	32
400	0	511	1318	392	264
266	266	18	575	280	192
400	400	695	1329	106	83
279	181	1058	1322	264	270
266	0	312	1080	262	194
380	380	270	927	123	140
0	0	554	755	99	85
209	335	753	966	187	166
369	97	756	1292	244	242
140	260	778	946	209	246
397	340	151	985	335	301
20	20	210	1193	241	253
20	260	651	676	35	47
133	0	335	430	253	169
260	260	224	642	216	321
133	133	56	634	232	192
260	20	1047	1220	94	131
179	33	686	959	50	48
186	254	988	1297	207	198
140	140	78	844	9	12
0	266	557	902	325	271
400	266	93	255	326	265
260	380	839	1002	264	273
160	76	1135	1394	278	248
133	266	453	839	330	253
266	133	452	681	312	257
20	380	1024	1427	284	331
20	140	735	1255	275	345
380	140	911	1015	24	26
140	20	617	1001	240	272
260	140	787	1271	129	233
140	380	68	971	70	106
266	400	464	1073	132	102
122	80	1298	1374	82	83
133	400	66	1202	356	255