40
140	140	28	1016	217	277
210	243	785	1053	168	188
0	266	571	853	353	294
133	0	848	1032	196	148
308	129	55	540	142	146
133	400	586	1049	315	233
0	400	973	1206	413	342
266	266	1237	1311	128	105
20	20	834	1143	283	325
260	140	1073	1379	230	302
20	260	646	1271	16	19
260	260	441	816	198	346
400	0	409	1209	70	57
140	380	122	994	214	360
380	140	456	1350	193	251
140	20	119	266	188	275
0	133	12	930	175	129
20	380	629	1396	228	306
260	380	455	1023	6	10
310	104	992	1256	254	277
380	20	579	1290	76	148
266	400	374	884	446	350
266	0	891	1297	253	207
304	209	954	1378	322	307
44	197	805	1336	199	220
400	266	887	1389	125	97
133	133	736	1058	510	350
117	384	188	809	135	143
260	20	808	948	45	61
380	380	1173	1316	123	222
20	140	1241	1292	37	64
266	133	563	1029	125	106
400	400	1247	1369	223	161
0	0	584	832	212	159
133	266	384	1439	433	343
380	260	103	729	199	322
356	12	188	535	105	112
400	133	91	637	317	229
203	80	418	471	49	52
140	260	1129	1273	211	254