150
80	260	159	487	32	50
20	380	286	540	179	297
123	126	439	1350	160	147
133	400	1234	1375	221	158
180	171	436	1211	65	57
80	20	56	285	85	107
266	333	467	846	230	155
267	66	878	1337	97	118
27	169	358	555	11	13
320	20	274	1320	113	172
135	382	751	929	285	304
0	200	1024	1096	41	34
133	66	250	813	329	241
0	66	262	492	213	159
119	57	815	982	65	71
26	234	144	520	173	161
148	168	410	969	51	54
200	200	1291	1423	29	21
9	101	361	780	129	144
140	140	1024	1272	187	279
140	200	1410	1423	9	17
333	200	605	902	181	143
125	248	74	603	206	240
266	133	884	1263	105	75
380	140	45	1326	150	295
380	260	422	858	29	54
140	80	194	494	126	208
148	187	350	1288	47	47
66	133	610	823	330	261
80	140	1083	1397	93	159
200	80	1064	1407	162	234
320	80	228	1275	157	260
12	297	674	1391	166	201
125	279	325	632	43	45
342	204	441	892	159	134
260	140	56	1247	30	49
320	380	989	1162	120	190
255	170	228	754	267	329
20	260	74	355	142	195
66	266	887	1353	14	10
152	237	1162	1275	164	160
260	260	706	1399	121	238
133	0	379	848	347	254
80	200	151	1342	134	215
0	0	456	961	364	299
350	135	807	1395	173	211
114	72	819	1423	279	273
67	360	194	969	322	325
20	109	676	849	231	276
140	20	184	930	76	152
0	266	882	1420	131	99
200	266	491	773	436	321
140	320	610	1291	84	147
200	140	209	544	131	254
20	140	1124	1421	148	256
333	133	37	615	17	13
200	200	1288	1405	39	79
400	333	638	834	380	306
258	299	1108	1203	134	141
400	0	753	1117	396	330
63	280	510	1130	11	11
20	20	461	1078	103	150
80	320	447	624	140	273
380	20	319	970	154	210
266	266	1272	1285	6	5
20	80	131	1261	22	44
147	257	747	1377	158	191
320	200	79	448	206	343
266	200	380	939	438	346
155	147	1057	1422	50	53
400	133	1002	1203	382	311
0	333	427	1432	214	155
326	316	673	1327	213	203
400	400	1330	1406	115	84
200	66	130	595	296	206
360	353	155	750	212	212
400	266	315	1133	316	253
220	87	673	1028	160	186
128	301	102	209	117	121
200	333	457	1263	201	148
200	133	1252	1440	155	105
200	20	252	1292	59	102
333	66	1243	1311	147	123
260	320	841	1101	253	355
66	400	738	993	73	58
266	400	490	1011	293	211
307	355	1166	1357	224	224
226	116	1091	1420	40	46
133	333	537	1201	448	349
333	266	231	758	170	143
380	320	120	1337	119	233
333	333	968	1323	431	299
114	221	464	1081	367	351
333	400	1037	1145	217	152
260	200	1317	1425	37	55
200	0	351	813	183	143
54	73	293	1146	64	73
6	362	192	556	241	222
66	333	610	1401	174	128
20	200	692	864	241	308
80	380	385	1326	33	47
314	253	922	1363	60	69
397	387	282	573	26	22
66	200	448	1113	360	302
320	320	676	849	127	192
97	292	287	618	40	34
200	260	352	716	18	27
77	355	346	415	2	2
180	388	511	1084	182	213
363	368	139	1002	95	116
266	0	876	1109	238	194
66	66	598	1360	446	343
66	0	211	453	390	309
133	266	185	406	352	290
133	200	153	673	26	17
400	66	576	1251	182	126
380	380	694	842	155	264
215	310	634	1119	210	261
320	234	926	1103	254	316
266	66	314	1356	19	13
268	339	922	1166	240	290
300	170	447	1253	350	305
80	80	602	1397	38	77
36	88	765	1063	308	336
140	260	832	1428	155	304
200	320	570	733	116	191
200	380	640	1056	95	154
197	400	187	1140	273	269
260	80	601	1184	174	282
49	0	759	1057	104	119
320	140	625	1261	2	3
20	320	551	589	8	16
235	356	757	1226	346	341
133	133	205	1045	468	315
260	20	987	1113	28	40
200	400	885	1085	387	262
260	380	413	945	25	39
400	200	341	797	337	228
0	133	699	1308	490	343
333	0	304	1378	54	44
320	260	1249	1380	87	157
140	380	1156	1273	1	2
290	298	732	1021	309	320
0	400	70	1384	514	359
201	67	413	568	190	168
56	143	1232	1383	25	28
380	200	1019	1315	59	74
380	80	639	1287	24	47
14	224	0	488	371	313
120	179	96	1419	298	328