25
101	206	957	1253	117	107
200	400	692	1070	346	285
20	200	1090	1300	199	268
380	20	156	1260	126	206
200	0	626	996	67	53
400	400	1017	1182	215	147
8	244	1091	1293	204	247
0	0	79	1210	271	215
380	380	1226	1428	108	175
20	20	1143	1282	119	168
0	400	630	934	377	299
168	77	523	1293	244	327
200	20	480	724	45	62
400	200	558	847	253	178
200	380	1074	1359	103	190
20	380	428	1235	34	48
200	200	865	1425	138	250
200	200	557	742	345	271
114	72	1241	1396	92	112
400	0	749	1296	521	359
264	360	735	1002	232	218
308	83	595	1398	300	333
369	10	187	883	252	246
0	200	742	872	48	36
380	200	463	964	137	191