150
20	320	113	930	136	227
184	90	945	1213	181	202
133	0	65	955	370	287
380	260	465	767	5	9
4	55	370	789	202	224
333	266	502	1090	116	77
73	332	392	1205	217	192
0	400	708	772	88	66
333	333	854	1414	128	98
0	11	5	1088	252	227
400	200	211	1395	295	197
200	99	899	1363	24	28
244	227	707	1229	286	267
363	280	562	1001	151	177
200	0	950	1225	118	100
137	320	536	762	142	167
266	133	1151	1230	191	130
257	400	745	1309	87	99
400	333	720	1247	393	313
320	260	914	1197	206	288
80	140	1134	1272	106	172
200	400	113	946	422	334
66	400	330	932	200	170
266	0	92	442	239	198
390	3	872	1040	40	40
0	66	474	1055	423	295
400	66	663	1098	3	2
60	216	710	950	243	213
260	20	119	1158	133	168
67	161	1230	1329	178	170
44	3	301	820	1	1
66	200	105	318	16	12
70	268	893	1172	188	209
200	20	848	1057	125	197
260	140	396	1047	24	30
320	80	873	1383	108	215
66	66	430	640	190	140
193	223	582	1212	256	261
320	20	770	1205	169	265
200	320	151	1253	82	134
140	320	845	1174	83	146
230	7	74	246	62	69
149	99	1224	1279	75	67
200	333	539	1037	256	186
140	260	615	836	187	310
80	20	305	1370	126	200
231	22	933	1204	320	308
0	133	1173	1425	3	2
39	277	152	396	44	50
20	260	201	1326	14	19
308	64	289	1194	115	116
140	20	484	860	185	261
140	380	584	1390	182	275
92	25	336	1407	288	320
24	293	315	1419	163	152
133	133	1056	1311	274	195
90	172	1306	1405	97	108
102	270	215	290	125	140
196	232	291	797	334	299
200	133	760	1424	245	173
140	200	478	1297	184	273
266	66	989	1168	157	136
260	260	992	1320	258	330
260	380	121	555	153	298
141	171	1137	1317	17	21
0	0	1111	1292	317	269
20	380	1037	1354	59	84
250	231	356	1184	157	146
168	33	573	1166	322	314
66	266	837	1297	524	359
66	0	968	1242	83	59
380	140	200	1286	155	300
133	266	27	818	256	171
320	140	994	1344	113	184
102	310	819	1007	9	8
137	48	620	1178	253	238
380	80	445	1357	256	351
200	200	923	1436	177	240
133	200	57	1241	273	193
400	266	957	1310	136	116
380	320	1382	1412	25	46
128	224	819	1261	249	239
333	0	631	1294	52	43
266	333	547	757	102	70
260	200	56	1187	148	191
133	333	460	1157	50	37
320	320	127	1315	161	205
20	140	653	987	72	131
111	262	790	1121	78	73
380	380	656	1390	8	15
200	66	697	1003	432	357
333	133	268	1435	116	82
20	20	509	1185	113	211
400	0	206	1345	449	336
80	380	1292	1409	52	102
66	133	16	1280	79	67
20	200	919	1277	237	338
80	200	400	1040	76	124
133	400	1042	1166	289	205
218	38	87	141	45	47
170	146	939	1363	320	278
333	66	1193	1440	191	145
66	333	1067	1257	392	297
359	91	1283	1338	66	59
245	345	289	475	187	220
80	320	832	970	122	214
320	200	1149	1260	92	118
177	305	1122	1427	279	265
318	217	5	621	203	239
333	400	1185	1320	189	130
80	260	125	1411	91	140
69	59	1241	1387	133	146
394	395	40	556	52	62
0	333	953	1203	504	359
200	266	161	1199	254	202
200	80	990	1290	168	331
150	72	695	1018	295	280
80	80	203	720	1	2
23	333	817	1233	126	121
20	80	736	1002	164	248
80	131	484	1180	35	41
200	200	308	515	347	249
311	379	329	942	220	241
133	66	1330	1413	110	82
140	140	61	1073	175	231
0	266	219	386	264	201
380	200	506	1293	21	42
333	200	726	1055	491	353
400	133	355	989	210	173
140	80	692	1239	137	265
200	380	1146	1387	20	28
266	200	139	1271	136	97
25	338	673	867	99	106
144	246	966	1204	349	335
380	20	630	1249	138	243
376	17	596	931	151	178
260	80	676	731	42	52
200	140	403	1240	162	257
154	98	922	1357	344	320
347	156	926	1433	284	330
200	260	576	1315	205	322
266	266	10	974	18	13
344	190	1150	1376	157	175
394	166	534	1401	185	210
320	380	1178	1270	54	86
0	200	1138	1389	164	109
266	400	991	1318	122	93
260	320	413	1037	149	203
43	158	495	772	64	69
400	400	704	1160	494	354