25
83 232 798 954 17069 479 
213 139 1408 1440 15747 471 
350 388 0 1440 25968 240 
353 392 960 1440 26987 240 
200 214 480 1242 20694 480 
127 165 0 762 20248 480 
298 145 838 985 20652 474 
202 217 960 1440 21037 467 
355 389 480 1440 24760 240 
148 57 480 1242 21132 480 
254 53 1298 1440 11701 470 
127 165 960 1440 18953 394 
217 3 1208 1229 5726 476 
256 352 745 1076 16823 478 
201 216 0 762 19244 480 
393 116 465 794 7728 470 
128 165 480 1242 22522 480 
150 57 0 762 18663 480 
353 283 817 1045 10863 476 
127 36 960 1440 21935 295 
129 31 480 1242 22156 480 
146 58 960 1440 21117 323 
284 307 819 1206 7967 474 
130 33 0 762 20893 480 
254 66 426 883 25829 475 
