160
134 140 432 786 19533 72 
390 359 720 1074 23513 72 
295 112 1405 1440 2549 72 
249 247 216 570 20787 72 
246 250 576 930 19341 72 
180 18 1339 1406 7821 63 
130 143 504 858 18379 72 
389 359 792 1146 23857 72 
250 251 1224 1440 21096 72 
249 248 1296 1440 22123 72 
385 357 360 714 27095 72 
135 205 1170 1232 1507 71 
130 142 720 1074 18868 72 
289 134 1029 1030 25549 64 
295 175 483 552 18781 72 
243 38 481 518 12512 68 
222 48 427 459 4327 70 
318 48 753 756 11425 65 
320 233 770 779 26524 68 
253 9 1016 1016 13393 69 
249 248 504 858 22748 72 
135 143 216 570 18744 72 
386 358 288 642 25681 72 
390 354 1224 1440 26463 72 
131 142 648 1002 20485 72 
84 231 864 1218 23620 72 
237 167 576 930 21737 72 
390 358 432 786 25537 72 
311 248 673 716 25848 65 
78 126 508 511 6992 71 
224 106 554 620 17621 63 
314 126 1169 1231 21132 68 
346 255 489 526 6826 72 
389 357 1152 1440 26091 72 
389 358 648 1002 25085 72 
103 113 168 233 12415 66 
234 162 144 498 20696 72 
385 354 504 858 25474 72 
131 139 0 354 22003 72 
86 227 1368 1440 22415 72 
247 251 0 354 21497 72 
246 246 432 786 20549 72 
85 227 0 354 22564 72 
149 184 505 509 23189 68 
339 91 390 456 21510 68 
241 276 1328 1355 23398 62 
236 164 1224 1440 18599 72 
249 249 864 1218 23103 72 
122 373 138 201 25337 64 
33 161 276 295 2535 64 
389 356 1296 1440 24044 72 
132 141 1224 1440 23049 72 
134 143 1152 1440 18389 72 
85 229 1152 1440 19038 72 
246 250 720 1074 19958 72 
135 142 864 1218 19489 72 
172 267 504 546 13480 65 
250 250 648 1002 23476 72 
357 251 1181 1251 2190 64 
235 165 1080 1434 23588 72 
131 139 1296 1440 21360 72 
234 314 922 929 16712 71 
342 136 1256 1322 26164 66 
387 358 1368 1440 25336 72 
389 358 216 570 26029 72 
227 241 1172 1204 21391 66 
290 235 877 893 22597 71 
22 115 827 892 1748 71 
245 246 936 1290 23479 72 
235 167 864 1218 20641 72 
235 167 936 1290 19335 72 
235 162 360 714 22427 72 
85 227 288 642 20074 72 
249 250 1368 1440 18512 7 
246 247 144 498 20927 72 
380 116 1233 1241 9304 62 
242 200 652 658 3263 62 
247 248 1080 1434 21807 72 
236 165 1008 1362 21096 72 
245 246 1008 1362 18082 72 
263 249 1278 1284 7305 64 
155 281 715 783 18370 62 
84 227 144 498 18213 72 
85 229 1008 1362 22230 72 
233 164 504 858 18425 72 
386 357 0 354 26158 72 
81 4 911 958 16566 65 
234 162 1368 1440 18662 21 
85 227 216 570 21699 72 
246 251 792 1146 20582 72 
390 357 144 498 24634 72 
248 249 1152 1440 21721 72 
86 226 432 786 18161 72 
133 143 1368 1440 18737 72 
13 205 811 851 9184 67 
82 228 360 714 19825 72 
134 140 1008 1362 19979 72 
250 251 72 426 22668 72 
241 343 634 693 14918 67 
83 231 72 426 22877 72 
85 226 720 1074 20165 72 
295 225 180 207 1725 69 
390 354 936 1290 26736 72 
237 166 1296 1440 23362 72 
233 166 0 354 18589 72 
238 164 288 642 19396 72 
82 230 1296 1440 23440 72 
83 227 792 1146 22043 72 
146 263 286 328 18466 72 
15 106 666 669 23370 65 
375 146 156 207 5686 70 
131 140 936 1290 23192 72 
143 364 522 594 20870 65 
387 355 72 426 25182 72 
336 274 1074 1140 15899 67 
56 242 1067 1080 18744 67 
331 252 279 326 20623 68 
84 231 576 930 21690 72 
38 316 358 365 6163 65 
371 293 580 626 25812 71 
86 228 936 1290 19944 72 
239 79 50 103 11374 70 
223 396 1215 1285 26819 71 
132 139 72 426 19453 72 
233 165 720 1074 19797 72 
237 164 432 786 18582 72 
390 355 864 1218 25887 72 
368 276 285 346 22301 67 
351 300 1262 1264 2446 63 
315 332 1235 1279 10030 72 
86 229 1224 1440 20223 72 
65 58 1192 1244 14048 67 
134 140 576 930 18253 72 
174 389 364 410 20443 66 
235 163 792 1146 19874 72 
248 246 288 642 20747 72 
131 142 144 498 19246 72 
74 138 747 805 18995 66 
234 162 72 426 20336 72 
372 180 1017 1075 18202 65 
133 140 1080 1434 21920 72 
197 82 699 705 507 67 
131 142 288 642 18547 72 
353 379 1271 1282 25444 70 
86 227 504 858 21880 72 
86 226 1080 1434 21299 72 
390 354 576 930 24425 72 
385 358 1080 1434 25372 72 
237 166 216 570 18173 72 
387 356 1008 1362 25718 72 
233 165 1152 1440 18747 72 
35 137 1191 1226 904 62 
274 352 283 316 19361 64 
165 328 1382 1440 10346 66 
82 229 648 1002 18065 72 
233 167 648 1002 21488 72 
130 139 360 714 23954 72 
135 143 792 1146 18694 72 
247 248 360 714 18105 72 
398 384 128 141 1650 71 
