200
110 238 228 567 22109 57 
369 360 171 510 24637 57 
204 251 1368 1440 20226 10 
110 241 1083 1422 19724 57 
186 88 1368 1440 22532 57 
222 176 771 782 18112 48 
77 171 687 741 6396 52 
193 116 1414 1440 25560 55 
253 163 281 328 14528 55 
189 86 969 1308 22323 57 
111 101 741 1080 19284 57 
109 102 513 852 19506 57 
367 360 1254 1440 23536 57 
362 187 504 515 16754 49 
370 359 1368 1440 25257 57 
299 263 83 130 18357 49 
186 89 855 1194 18817 57 
109 22 1092 1117 20304 56 
185 88 570 909 23590 57 
200 250 57 396 22027 57 
200 250 171 510 23607 57 
240 294 345 376 974 54 
136 251 274 313 12485 51 
257 125 740 744 25130 48 
202 247 1197 1440 18920 57 
226 226 944 946 24905 56 
58 82 587 637 24124 49 
111 105 0 339 21861 57 
366 363 741 1080 26028 57 
367 360 1083 1422 24712 57 
190 89 1311 1440 22249 57 
365 361 57 396 26381 57 
51 128 31 42 13128 56 
203 250 456 795 21077 57 
112 239 798 1137 23592 57 
107 239 1197 1440 23771 57 
107 241 969 1308 20996 57 
301 128 268 306 6358 55 
65 390 324 379 9778 57 
220 72 333 376 12614 51 
96 177 504 504 17000 53 
185 87 912 1251 22562 57 
382 117 1274 1297 23120 57 
110 241 171 510 22091 57 
200 250 285 624 20174 57 
186 89 399 738 20017 57 
202 247 114 453 23331 57 
203 246 798 1137 23312 57 
108 237 741 1080 19222 57 
112 237 285 624 22049 57 
109 101 399 738 19778 57 
368 363 969 1308 26189 57 
237 193 508 559 9600 47 
110 237 912 1251 18387 57 
17 218 616 659 24789 55 
279 304 986 1008 7624 53 
110 103 969 1308 22070 57 
111 26 699 723 20586 57 
111 103 57 396 21077 57 
365 358 0 339 24393 57 
365 361 1197 1440 26425 57 
87 281 231 256 21140 49 
112 236 342 681 20407 57 
111 105 1083 1422 23142 57 
226 329 662 666 25929 51 
6 364 127 156 25725 56 
111 105 1311 1440 21337 57 
187 86 0 339 23392 57 
34 114 337 394 7853 52 
258 23 1332 1353 17164 49 
188 91 684 1023 22313 57 
203 247 1140 1440 20291 57 
143 65 448 467 12393 56 
365 363 285 624 23595 57 
203 248 342 681 23969 57 
20 185 1190 1217 3674 55 
185 87 1254 1440 19155 57 
114 106 570 909 23404 57 
233 381 1424 1440 23778 48 
186 86 342 681 19026 57 
185 90 627 966 23689 57 
351 138 824 856 192 55 
369 359 228 567 25611 57 
295 206 176 224 23690 52 
366 361 1026 1365 23512 57 
17 311 986 1018 13347 51 
109 238 570 909 20474 57 
366 358 1311 1440 26443 57 
111 240 1026 1365 18710 57 
397 48 542 555 15435 48 
203 246 969 1308 18620 57 
35 257 410 442 19882 53 
114 105 1140 1440 21923 57 
382 78 59 96 13625 51 
367 358 912 1251 24327 57 
365 360 513 852 23879 57 
107 240 57 396 22391 57 
185 91 513 852 22358 57 
199 246 1026 1365 21914 57 
201 248 627 966 19787 57 
379 350 1427 1440 2967 49 
199 250 912 1251 23252 57 
112 102 456 795 18044 57 
113 105 342 681 23646 57 
203 250 228 567 22673 57 
256 39 97 97 17001 50 
2 179 544 552 9368 55 
107 239 627 966 19848 57 
109 103 1254 1440 20162 57 
132 116 743 768 2101 57 
42 165 687 726 7805 50 
112 236 1140 1440 20553 57 
188 89 171 510 21265 57 
109 241 1368 1440 20621 57 
13 45 1045 1074 17493 54 
220 155 1172 1218 16525 54 
111 236 1311 1440 23307 57 
366 363 1140 1440 26640 57 
200 246 570 909 18431 57 
107 237 0 339 21171 57 
112 103 285 624 18884 57 
114 102 684 1023 18430 57 
387 289 1067 1080 2200 52 
207 115 68 115 7086 53 
315 28 1415 1440 11995 49 
204 247 513 852 20509 57 
108 241 1254 1440 23262 57 
111 104 228 567 19386 57 
348 74 135 148 8276 48 
328 130 1378 1432 24257 49 
365 360 342 681 24851 57 
318 358 907 949 13876 51 
380 211 316 373 21819 57 
368 360 114 453 27022 57 
201 250 1083 1422 20824 57 
110 104 855 1194 18711 57 
145 226 272 322 23713 53 
370 363 855 1194 26267 57 
19 315 125 162 23696 48 
112 103 912 1251 19794 57 
384 30 1131 1132 24760 57 
190 90 1083 1422 22971 57 
186 91 114 453 18958 57 
86 340 871 873 11034 52 
112 102 627 966 18258 57 
209 277 472 503 9029 57 
111 240 855 1194 22462 57 
201 248 855 1194 20418 57 
112 103 171 510 20893 57 
112 104 114 453 23227 57 
110 240 513 852 20269 57 
100 201 822 827 4053 53 
111 106 1368 1440 18786 57 
243 161 557 570 11687 56 
369 358 798 1137 24014 57 
113 105 1197 1440 22984 57 
199 246 399 738 20364 57 
370 361 399 738 25844 57 
185 87 228 567 19262 57 
200 251 684 1023 21884 57 
201 246 1311 1440 23055 57 
203 234 879 902 16333 55 
225 278 999 1035 2829 54 
212 258 746 792 7931 50 
200 249 0 339 23338 57 
369 362 684 1023 25982 57 
84 309 1433 1440 23589 50 
243 202 315 370 3227 56 
168 61 1395 1440 10890 55 
367 360 627 966 24418 57 
188 87 1197 1440 20951 57 
194 205 1330 1357 19682 49 
295 257 456 477 809 47 
247 314 576 603 22759 56 
185 90 798 1137 19868 57 
151 213 673 674 12302 50 
369 361 570 909 24983 57 
247 85 1262 1278 2521 57 
131 33 937 972 13646 50 
110 240 684 1023 23997 57 
187 90 741 1080 23444 57 
201 249 741 1080 22021 57 
189 91 456 795 19109 57 
112 239 114 453 20775 57 
190 89 285 624 19391 57 
107 240 399 738 19513 57 
112 241 456 795 19527 57 
188 91 1026 1365 20223 57 
189 223 1195 1213 19927 48 
110 104 798 1137 19625 57 
185 91 1140 1440 18921 57 
243 136 1335 1360 1215 55 
204 250 1254 1440 18040 57 
242 12 276 324 23444 48 
113 104 1026 1365 22821 57 
87 335 958 1004 7769 51 
138 172 1062 1082 11499 55 
370 360 456 795 25423 57 
190 91 57 396 22178 57 
22 211 364 379 8185 49 
