60
129 268 203 211 9998 196 
276 177 290 427 16433 195 
98 56 615 1102 23085 205 
167 101 820 1307 22959 205 
254 156 0 487 22149 205 
61 184 352 424 8377 196 
393 378 615 1102 24147 205 
168 101 0 487 21569 205 
75 59 80 190 6985 200 
67 287 276 336 178 202 
255 158 410 897 19151 205 
88 288 1025 1440 22588 205 
91 288 820 1307 22737 205 
145 251 382 575 20578 205 
293 209 508 651 1093 198 
255 157 1025 1440 19863 205 
273 177 274 295 22065 204 
390 378 0 487 26568 205 
125 203 41 126 26623 202 
89 287 205 692 23573 205 
241 83 671 675 8974 200 
99 54 205 692 23177 205 
91 287 410 897 22308 205 
96 56 0 487 21923 205 
272 167 638 807 25008 199 
168 100 205 692 19237 205 
257 153 615 1102 22674 205 
100 55 410 897 21197 205 
100 54 1230 1440 18677 23 
88 290 1230 1440 20204 61 
166 97 1230 1440 21969 96 
290 299 991 1009 26333 205 
391 378 1230 1440 26894 205 
223 15 628 821 16011 205 
400 337 696 844 20551 196 
168 100 615 1102 20411 205 
254 155 820 1307 19797 205 
169 101 1025 1440 21737 205 
137 135 1150 1267 21857 196 
55 226 831 911 7968 202 
390 376 1025 1440 24457 205 
62 232 827 986 12894 196 
391 380 205 692 24425 205 
393 379 820 1307 26981 205 
57 325 153 157 24492 202 
145 95 248 338 17756 203 
254 154 205 692 23759 205 
254 154 1230 1440 22428 133 
97 57 1025 1440 20449 205 
212 133 350 518 14117 203 
90 288 615 1102 23836 205 
385 105 1194 1268 5506 203 
114 297 167 292 22889 195 
95 56 820 1307 23005 205 
177 137 787 945 921 195 
86 291 0 487 18831 205 
169 98 410 897 19040 205 
39 46 1012 1058 6314 205 
394 379 410 897 25052 205 
334 47 215 410 13816 203 
