19
100 66 577 604 13274 718 
217 60 720 1440 20656 575 
379 80 700 925 11368 715 
198 98 41 313 2651 718 
236 379 758 1330 21518 719 
268 187 0 1002 21058 720 
236 155 0 1002 23033 720 
272 199 720 1440 18661 649 
330 376 5 562 16616 718 
336 8 1405 1440 1265 719 
384 384 720 1440 24258 464 
356 172 1266 1440 25889 715 
275 200 0 1002 20033 720 
213 60 0 1002 19302 720 
237 152 720 1440 20140 661 
269 184 720 1440 21741 654 
387 383 0 1440 23512 464 
298 287 1131 1440 13536 714 
296 278 1101 1440 2935 718 
