45
377 386 288 1440 24886 33 
13 256 0 570 22074 288 
374 386 1152 1440 25969 33 
189 171 1152 1440 18109 254 
325 346 484 631 6784 279 
189 93 0 570 20482 288 
60 198 576 1146 22801 288 
177 94 235 442 10436 287 
56 200 1152 1440 18559 142 
12 257 288 858 21027 288 
34 70 882 995 4403 281 
377 388 864 1440 25864 33 
191 93 288 858 19049 288 
189 176 864 1434 22632 288 
8 87 993 1236 11987 284 
187 175 288 858 18286 288 
192 95 864 1434 22366 288 
191 93 1152 1440 19010 180 
106 189 793 815 8966 280 
229 301 976 1055 21763 280 
13 257 1152 1440 23918 87 
223 159 570 570 21511 286 
373 388 576 1440 25443 33 
378 388 0 1440 23981 33 
57 200 288 858 19524 288 
10 256 576 1146 23718 288 
212 235 533 757 17398 286 
11 257 864 1434 23247 288 
59 200 864 1434 21874 288 
189 175 576 1146 22746 288 
127 225 809 819 12925 283 
260 192 820 873 11842 283 
140 348 913 1150 14869 282 
338 386 832 891 0 288 
365 306 84 303 9094 285 
4 290 1103 1152 10113 280 
148 121 971 1217 3800 286 
240 188 675 852 2747 286 
188 97 576 1146 21451 288 
189 176 0 570 23229 288 
207 50 410 443 9561 287 
60 195 0 570 23985 288 
179 162 1361 1440 25653 281 
72 171 1298 1440 24812 278 
176 66 1389 1440 25474 288 
