180
85 260 252 263 14003 55 
45 252 715 1062 20788 65 
66 106 1365 1440 20566 65 
67 105 520 867 21420 65 
273 255 939 984 19756 63 
99 138 845 1192 19013 65 
76 250 242 306 20040 61 
96 137 1365 1440 19267 65 
45 250 1365 1440 21835 65 
43 248 650 997 22543 65 
70 110 1300 1440 18454 65 
42 253 0 347 21145 65 
247 358 900 900 4876 64 
388 386 520 867 26075 65 
55 60 910 1257 21714 65 
138 316 456 496 9087 59 
376 114 610 672 17261 58 
70 106 1040 1387 18218 65 
384 389 845 1192 26870 65 
58 59 390 737 22651 65 
100 139 195 542 18894 65 
98 137 585 932 20221 65 
99 138 650 997 21857 65 
60 57 0 347 21482 65 
228 201 1285 1294 20410 57 
388 388 390 737 25407 65 
386 386 650 997 26596 65 
111 333 1144 1191 12820 57 
96 139 1040 1387 19076 65 
44 252 130 477 21996 65 
364 134 1269 1307 19285 64 
148 353 468 469 15174 58 
100 138 520 867 22774 65 
170 128 132 158 6381 56 
221 26 74 125 747 64 
386 386 1170 1440 26385 65 
103 2 1213 1264 21834 59 
58 61 1170 1440 21202 65 
47 251 1040 1387 23453 65 
67 107 585 932 18136 65 
169 331 275 304 21756 60 
351 318 1039 1102 26215 59 
384 389 585 932 24678 65 
385 387 1040 1387 26367 65 
5 36 1123 1142 21900 65 
68 110 390 737 18016 65 
19 347 454 467 14141 56 
57 76 400 457 21651 62 
44 249 1235 1440 21456 65 
45 252 390 737 18113 65 
70 110 780 1127 22908 65 
55 60 455 802 21109 65 
60 61 325 672 23687 65 
125 76 126 161 11193 59 
341 119 885 923 12179 62 
44 250 1300 1440 20270 65 
45 250 975 1322 23025 65 
98 136 780 1127 22335 65 
397 261 988 1009 12695 65 
59 58 975 1322 19140 65 
96 134 260 607 20516 65 
388 390 1235 1440 24782 65 
69 106 650 997 19125 65 
45 251 1105 1440 23760 65 
60 57 845 1192 20777 65 
60 59 65 412 20179 65 
171 18 675 731 4160 57 
382 62 490 526 10988 58 
139 367 754 762 15199 58 
83 39 504 552 3661 56 
383 388 975 1322 25466 65 
396 393 1273 1300 3980 57 
383 391 65 412 24466 65 
43 249 780 1127 23403 65 
45 252 910 1257 20140 65 
129 345 925 955 7217 62 
43 248 260 607 22489 65 
367 174 1400 1407 15128 59 
386 389 780 1127 26224 65 
317 143 706 764 18027 56 
44 249 585 932 21985 65 
44 349 1208 1218 14172 64 
58 57 260 607 22394 65 
384 391 195 542 24594 65 
60 60 195 542 20593 65 
97 137 455 802 22642 65 
357 246 1355 1391 20930 65 
235 61 320 339 22959 57 
386 391 1300 1440 24788 65 
70 110 715 1062 18066 65 
335 357 756 782 2387 56 
165 123 1387 1421 147 61 
45 251 1170 1440 21289 65 
388 391 910 1257 23520 65 
349 36 291 326 25633 59 
69 106 65 412 20796 65 
398 337 291 305 19241 58 
99 136 715 1062 19088 65 
97 134 65 412 21457 65 
326 326 1228 1276 3849 63 
99 139 130 477 20400 65 
77 206 592 628 1693 56 
286 50 1277 1314 3720 56 
66 107 1235 1440 22926 65 
60 5 84 86 14211 65 
67 107 455 802 19154 65 
387 389 715 1062 25640 65 
149 142 708 713 1154 61 
58 62 1300 1440 21794 65 
308 47 752 775 12613 59 
247 197 1436 1440 19057 62 
43 249 455 802 23122 65 
328 34 497 536 15261 61 
72 96 680 744 9791 55 
65 105 195 542 22322 65 
42 251 520 867 22448 65 
293 217 713 728 8498 60 
101 139 459 497 2944 61 
149 359 621 671 22232 63 
68 109 1105 1440 22185 65 
70 106 130 477 22693 65 
68 105 845 1192 18540 65 
90 121 394 404 8551 64 
128 149 847 868 21070 56 
56 57 585 932 20536 65 
93 234 1003 1038 6553 58 
271 396 8 41 9427 63 
383 386 130 477 23501 65 
387 386 455 802 25106 65 
58 59 130 477 23056 65 
281 304 63 118 2215 55 
65 109 260 607 21953 65 
387 386 325 672 24068 65 
58 60 650 997 21310 65 
381 370 55 116 13759 61 
388 34 368 391 897 58 
98 134 1170 1440 18185 65 
322 135 1133 1140 18451 60 
220 283 569 614 13884 63 
56 59 1040 1387 22677 65 
46 249 65 412 19162 65 
59 62 1235 1440 21805 65 
99 139 1235 1440 20426 65 
374 349 1311 1351 10086 55 
351 253 22 39 14756 63 
104 127 263 301 1770 59 
70 106 975 1322 23281 65 
385 386 0 347 25472 65 
83 384 228 256 20196 64 
101 134 1300 1440 22805 65 
383 391 1365 1440 25632 65 
391 62 392 394 25212 62 
44 250 325 672 22046 65 
100 137 1105 1440 22328 65 
167 118 979 1017 10277 62 
70 107 0 347 19702 65 
42 253 845 1192 21357 65 
58 57 1365 1440 23629 65 
66 109 910 1257 21568 65 
59 60 1105 1440 21780 65 
97 136 910 1257 19846 65 
47 253 195 542 21115 65 
65 110 1170 1440 23955 65 
45 46 307 364 11084 64 
96 136 390 737 21113 65 
387 391 260 607 24300 65 
97 134 975 1322 19316 65 
98 136 325 672 23070 65 
100 138 0 347 18464 65 
355 219 574 579 18721 58 
370 191 1039 1073 2937 58 
57 61 520 867 20887 65 
109 249 1421 1440 12319 60 
387 389 1105 1440 24871 65 
55 62 715 1062 22825 65 
299 320 122 170 22961 57 
70 110 325 672 18648 65 
58 58 780 1127 19657 65 
25 91 1057 1115 1971 58 
0 322 86 99 26208 63 
