50
3 219 650 679 8574 236 
278 243 52 195 21350 235 
126 384 1185 1316 21502 230 
123 319 551 588 13268 236 
181 145 0 522 20421 240 
334 370 1189 1380 2928 240 
381 353 960 1440 23673 8 
306 249 1090 1240 7940 231 
360 187 1347 1377 23089 234 
290 196 240 762 19382 240 
376 353 240 1440 25078 8 
46 294 432 565 11559 238 
379 354 720 1440 24657 8 
184 221 480 1002 19589 240 
181 146 960 1440 21767 240 
342 243 155 237 19703 232 
294 222 1200 1440 19707 145 
297 219 240 762 18976 240 
291 198 1200 1440 20931 153 
185 223 1200 1440 20013 215 
295 221 720 1242 22447 240 
183 144 240 762 22277 240 
381 350 480 1440 26078 8 
378 351 1200 1440 23828 8 
357 88 280 308 26755 232 
188 219 240 762 22062 240 
230 40 85 90 5779 237 
124 240 1315 1317 17610 240 
36 303 947 1019 9196 231 
289 198 720 1242 22312 240 
288 200 960 1440 22455 240 
297 219 960 1440 21875 240 
186 148 720 1242 23794 240 
1 106 371 408 11706 232 
297 220 480 1002 20194 240 
54 28 1189 1337 8148 237 
279 12 86 239 9348 240 
181 148 480 1002 22280 240 
189 219 0 522 19140 240 
291 197 480 1002 23242 240 
186 223 720 1242 18303 240 
294 220 0 522 21169 240 
189 222 960 1440 22834 240 
147 149 24 66 13796 240 
184 144 1200 1440 21745 180 
287 198 0 522 19314 240 
325 230 5 19 10204 238 
60 179 473 653 25104 230 
379 352 0 1440 24148 8 
339 276 705 733 24729 233 
