54
191 116 1320 1375 16023 38
258 306 129 285 13700 45
173 336 9 628 10377 48
385 315 114 646 4338 23
80 39 623 720 24196 39
176 111 242 269 6802 36
255 99 429 666 25108 11
349 19 26 115 15490 33
279 332 583 1103 18140 37
15 67 244 301 23503 37
337 219 1210 1323 26606 30
82 237 181 1235 19364 14
319 94 139 547 17664 16
292 311 404 439 22116 47
228 330 177 201 10877 50
123 95 1290 1296 22093 36
233 325 598 816 8258 28
273 205 1058 1064 3052 44
41 41 601 678 11705 47
359 263 5 8 13346 11
208 202 0 11 12195 39
353 72 64 282 5280 11
25 161 522 928 10579 23
170 175 14 43 20835 41
334 155 239 1125 19203 43
208 166 603 1094 11153 46
251 284 73 455 3236 49
171 339 1038 1332 4374 20
44 343 489 574 422 50
148 273 581 711 3323 18
157 207 417 805 22829 50
227 29 59 345 888 39
181 14 8 9 18581 44
87 95 384 1097 16465 25
32 171 57 392 3077 46
109 249 422 536 3733 41
38 90 554 1388 11149 45
187 17 303 411 8181 40
351 171 166 838 1268 44
115 89 393 701 5354 33
113 55 695 1284 23053 47
272 87 59 502 6735 43
373 1 226 560 26669 34
14 365 578 698 8093 22
260 334 730 742 5920 10
28 48 769 1064 13631 11
142 291 210 343 9717 11
197 195 803 1282 17679 36
83 379 57 995 27141 36
19 115 284 894 22944 45
59 221 43 740 7554 34
243 161 53 970 10017 10
333 134 384 974 4496 17
147 232 846 987 12374 21