59
129 79 79 429 20682 45
278 218 152 190 11103 20
315 231 414 1027 17085 10
36 121 152 683 885 19
16 76 5 13 10589 43
180 303 8 15 11864 34
302 338 222 866 2021 13
82 347 316 526 5426 42
193 27 69 152 15229 24
156 116 90 473 4817 28
349 266 392 789 4896 27
149 251 796 950 23953 18
380 238 175 327 19463 48
162 204 103 188 13584 15
178 212 712 732 7664 28
379 260 356 566 7685 36
159 399 1182 1374 21334 44
73 248 102 126 19359 50
98 156 66 483 4000 24
74 198 172 1404 10735 30
256 74 357 712 5231 13
71 379 42 178 11365 14
364 223 750 1157 12745 41
207 347 872 1393 24988 34
33 90 390 953 2515 16
195 324 80 151 14870 16
334 30 198 374 10045 32
316 272 131 713 17334 22
256 193 33 308 3235 43
114 299 243 350 8951 45
375 83 766 942 18355 32
225 307 576 1345 16072 16
318 289 371 728 8524 24
56 157 326 443 16331 37
72 306 1037 1070 21639 35
144 290 322 1396 5056 12
29 282 286 463 14920 42
148 128 756 1279 7139 11
278 86 1100 1170 11223 49
59 258 190 471 10990 19
77 79 104 298 16710 29
98 81 79 328 3561 44
372 203 569 615 15477 10
3 188 379 1018 1927 15
156 330 27 311 4090 31
302 316 1129 1146 2883 17
353 171 414 1230 1961 36
224 297 263 1175 18609 26
355 28 233 249 4996 48
332 180 15 1328 25326 10
78 350 60 999 10913 39
315 246 1029 1246 21015 15
280 323 91 688 2485 44
192 327 64 74 2118 49
120 169 15 69 4139 38
347 85 570 901 12207 11
222 137 65 188 6816 31
108 1 290 609 3031 16
269 196 516 1281 5602 45