198
228 148 74 186 6983 37
362 170 94 1333 555 22
114 166 490 722 11069 23
142 321 634 800 2865 31
377 378 424 1352 13416 17
248 296 172 238 18107 23
98 177 355 1200 14383 44
385 207 117 888 1239 40
362 219 685 1317 22365 20
66 362 916 1058 2125 20
198 345 880 984 3915 38
350 61 863 932 12304 30
228 139 99 1364 3917 50
165 95 517 620 24674 26
29 54 35 765 21296 50
43 123 928 1106 638 22
45 139 402 831 16404 45
177 367 1091 1123 26810 49
338 1 594 805 21318 28
339 360 84 98 26147 48
119 168 290 377 14314 21
397 226 582 850 10091 24
393 103 597 1119 24209 23
399 17 283 369 26694 37
397 69 98 129 24428 15
247 265 700 922 8498 31
99 270 202 340 6635 13
395 34 398 823 16293 24
97 93 162 247 11463 29
328 137 44 51 21594 15
119 362 454 485 10961 35
272 366 535 1266 984 13
312 212 46 490 2560 42
83 33 722 735 13580 32
305 342 132 283 10737 34
48 227 76 626 12971 28
29 191 457 1308 261 48
25 272 488 547 10491 43
87 75 11 118 26740 19
140 212 63 798 8121 42
333 138 439 554 20165 34
165 167 253 379 13309 30
210 169 22 105 19616 16
122 166 155 223 6885 41
198 130 59 220 15635 34
178 346 811 936 12123 34
267 259 1096 1103 14461 50
143 345 157 1368 18940 33
40 362 454 800 17711 29
209 169 194 1210 11751 48
171 398 27 979 10931 33
283 332 816 956 14903 43
247 306 367 1145 21843 18
395 218 356 714 15973 11
380 17 783 1259 20210 50
317 268 49 67 1098 47
351 287 59 1173 26647 13
261 289 608 1398 11613 15
73 395 117 227 10006 49
144 397 887 1276 13441 18
253 324 360 1026 9077 45
153 180 259 1177 25510 42
183 52 766 783 17503 38
82 328 634 1064 978 30
332 149 70 976 2242 41
306 185 1314 1390 13096 39
173 126 261 471 20668 23
21 321 183 1364 56 24
353 227 410 702 20762 17
216 255 10 107 19636 40
98 147 784 944 18577 22
220 230 640 982 24354 42
187 128 474 784 26586 17
26 121 262 1177 15488 42
253 267 301 448 5209 26
94 50 202 1110 26742 45
322 261 46 118 19376 33
224 283 82 261 15982 34
399 75 659 674 10984 20
199 118 50 52 15487 31
260 252 538 1147 6248 19
304 251 54 253 4298 29
233 119 149 767 26640 17
5 101 187 390 9821 50
393 243 446 1288 19862 32
219 251 96 511 17890 43
268 153 465 945 15740 14
362 207 169 283 19379 37
352 366 311 1203 12421 45
305 49 557 1382 486 42
303 242 250 803 11440 11
163 19 99 1072 12723 49
242 396 309 412 17655 30
344 189 1072 1215 17730 28
29 303 13 21 18334 16
51 250 575 1254 108 25
210 338 350 647 18747 22
166 380 40 926 5613 21
321 216 864 878 13853 49
204 29 196 342 15818 10
74 127 42 1123 19683 50
29 50 339 882 239 18
77 234 598 1158 11454 24
156 317 1031 1269 26334 28
144 167 102 888 15944 49
72 74 1051 1426 3617 34
146 82 663 1262 27057 13
0 178 527 1427 11032 39
373 360 52 375 20811 42
300 381 45 1291 16839 22
305 135 57 296 22130 30
258 44 13 862 3516 34
199 162 276 583 20512 15
283 176 5 822 3167 25
168 251 152 895 13671 22
265 81 153 1205 26997 46
104 212 65 416 2015 18
333 79 36 314 5597 14
283 228 525 690 7803 10
51 158 215 1121 15815 48
23 396 65 173 13075 41
104 248 727 880 13412 23
222 299 29 41 22729 21
202 29 134 1328 22338 42
189 71 569 661 15115 47
35 268 78 1005 16802 12
207 162 1 29 6349 48
150 97 210 1410 7233 27
48 10 247 535 3748 41
398 12 15 94 8079 48
126 336 523 1386 21423 15
170 105 611 1246 15146 42
86 31 43 128 24836 30
150 157 363 1368 2760 18
249 76 585 1404 19422 20
127 289 89 345 10832 30
305 237 351 358 24126 39
94 296 804 1163 22234 34
63 361 179 280 9411 33
324 349 664 934 1832 24
252 38 431 966 13727 47
211 342 150 819 22432 18
21 232 423 968 15421 13
58 338 114 166 22241 38
261 326 221 266 14295 44
48 252 50 281 19636 21
30 54 720 761 11177 26
84 374 299 949 23953 43
63 89 404 1280 9479 24
390 207 63 993 8151 21
316 64 300 993 14386 49
95 288 924 1046 25678 13
359 252 394 453 25230 14
167 36 413 778 17401 44
229 56 504 840 17860 26
164 347 819 1038 8336 49
14 331 273 456 3854 12
252 165 424 754 21558 31
90 24 741 1199 22172 27
79 0 208 512 24629 24
311 58 164 329 16909 26
129 143 34 1159 23725 14
39 392 81 792 6610 17
64 58 12 156 23128 49
260 77 22 96 14044 45
292 398 178 424 6652 18
192 392 121 123 16734 38
204 343 706 804 23216 19
327 258 1017 1074 23057 41
364 150 62 588 3031 34
235 120 190 1285 13108 27
241 332 305 1108 2782 39
57 75 243 954 6119 26
376 22 292 1065 9587 26
386 283 189 280 20247 43
354 167 189 486 3381 48
108 238 27 28 21096 26
310 394 796 1339 17681 25
211 372 621 670 2855 24
260 151 168 270 23 11
383 82 1 4 15421 44
145 140 497 500 24718 38
208 96 877 1018 11140 24
29 161 97 276 16484 43
165 387 193 721 3998 39
301 140 17 26 19284 11
115 329 116 670 26854 47
311 183 697 959 4430 29
36 174 694 807 10139 45
283 296 178 528 3029 33
349 236 461 841 27002 48
300 237 99 1304 5685 45
146 143 326 970 24070 42
388 312 189 1248 8123 49
8 329 489 920 13492 44
369 242 25 170 20729 25
270 226 321 1017 5057 30
165 51 88 786 13530 41