183
335 237 736 1143 6404 29
29 88 194 226 2066 23
77 126 454 897 14010 20
277 153 663 773 8085 38
42 44 490 559 18631 38
321 341 1168 1432 24956 45
155 303 1 5 10110 27
316 237 97 176 16649 45
382 236 1141 1261 5337 11
246 133 29 140 22729 18
370 52 55 851 10689 10
321 207 112 326 3894 49
238 66 142 220 602 13
284 124 6 13 12873 47
125 308 390 1070 6746 46
394 200 107 207 19017 10
382 218 306 940 12852 12
88 193 50 660 20063 13
222 65 90 489 7276 25
212 357 469 986 3790 18
249 122 154 714 19178 19
79 378 357 1435 650 29
109 168 313 357 1076 29
171 87 810 1392 22346 17
16 163 5 61 1412 27
296 168 234 809 22471 30
191 317 895 1225 22743 29
362 96 206 765 14480 42
194 8 735 1041 14098 23
316 160 107 1289 13959 39
124 4 17 415 19890 29
377 264 661 740 3447 31
125 293 313 933 19399 49
163 257 1073 1188 989 16
286 135 649 929 2514 29
373 244 356 1210 6986 38
235 329 948 979 24183 25
296 324 43 786 26161 26
311 240 151 152 614 17
362 268 75 607 7428 16
228 114 453 831 7389 26
331 91 1187 1410 13186 36
19 280 47 551 3379 29
66 66 888 1428 21844 28
156 171 262 402 4115 42
159 338 108 498 23998 27
351 121 42 441 6972 39
169 57 1075 1256 14907 39
202 382 550 1030 5859 47
116 311 32 44 9828 39
320 389 189 289 12455 12
63 170 589 1231 17795 22
102 170 29 133 14150 36
222 62 104 447 22682 37
309 348 67 548 13483 11
185 371 109 306 17159 20
139 120 495 955 25972 13
35 123 429 484 2496 21
377 143 102 339 1227 19
275 139 83 302 23560 47
220 69 362 369 24168 44
33 347 278 318 20374 24
318 173 659 801 5609 32
137 279 1026 1296 9444 45
387 173 86 182 11631 33
212 341 10 13 2574 47
77 92 617 675 19530 48
263 26 54 83 20163 25
36 182 476 784 17174 37
373 185 9 168 17065 40
160 166 257 637 16595 46
357 264 437 1319 18916 26
356 156 428 931 23295 38
158 231 45 170 6726 40
18 51 43 589 9696 46
286 341 73 77 24013 18
130 297 1431 1436 22324 25
269 164 7 67 10541 28
306 100 809 1144 22973 41
137 230 307 465 5961 11
394 397 161 281 18018 46
165 208 853 1258 6371 37
290 308 350 1345 15191 37
34 269 251 377 5409 11
117 125 1126 1433 6613 38
371 374 837 839 23430 17
309 322 613 1382 9276 31
115 318 186 1183 14647 30
360 168 9 12 7466 26
151 154 18 237 17930 38
148 229 3 94 26936 50
34 103 352 406 22587 17
81 276 230 536 13442 27
289 326 698 726 10165 19
244 90 97 117 26175 49
65 350 113 322 8157 15
172 9 4 265 20566 16
55 158 11 192 23135 45
112 315 80 548 19864 46
346 331 597 964 14388 38
65 177 167 315 21077 14
348 258 18 144 25127 38
311 125 517 588 23988 20
146 59 362 823 1572 19
104 106 161 862 1114 49
288 94 172 708 10220 25
96 7 73 230 7146 41
80 350 361 1183 8830 41
326 38 46 1143 10881 22
110 51 7 104 20446 28
202 50 483 681 22189 10
379 160 590 728 21463 24
13 308 217 676 5986 13
223 137 177 968 8358 41
336 358 586 925 23209 36
198 347 93 1414 889 20
337 288 77 1218 259 12
373 309 499 1259 7245 16
235 83 999 1187 16702 20
258 4 917 1026 2789 20
112 286 259 736 20476 17
0 36 549 742 24892 31
7 363 730 927 3947 23
248 215 217 1057 21650 10
312 96 14 117 12697 26
31 313 16 1066 24878 42
245 177 109 395 19317 33
204 295 369 534 22640 21
273 177 23 796 14988 37
30 120 63 1016 26874 42
193 66 389 582 21782 47
198 194 36 45 15144 26
330 241 1081 1238 10956 28
164 349 1068 1163 13913 20
17 142 222 297 1206 27
71 250 30 1153 9154 31
396 332 948 1400 23339 27
246 325 88 1183 3313 43
151 199 535 647 24702 49
364 266 363 416 4575 47
304 132 334 734 24285 18
335 149 226 425 3877 47
165 128 302 512 9230 31
200 190 210 425 22923 41
263 46 190 1126 17184 11
80 145 396 873 3637 45
67 354 982 1217 8962 17
48 361 274 631 9807 13
256 83 225 606 2065 37
318 28 1073 1123 3671 16
166 32 220 273 15376 14
9 231 47 404 5411 10
268 65 30 1178 20545 21
1 316 105 203 20975 35
310 11 1370 1432 10661 20
230 354 191 445 25188 12
26 265 76 825 935 11
264 303 861 1017 2797 50
8 2 574 1255 24927 31
118 297 62 93 5134 18
10 41 489 1284 8654 23
62 280 285 380 23170 33
289 82 443 566 13597 18
82 132 200 508 7995 36
255 394 398 845 3073 29
259 90 792 944 14023 43
113 308 718 1006 23358 49
333 39 570 1283 24012 24
352 46 293 967 25410 25
33 213 76 495 10510 29
164 57 841 1141 6433 44
87 250 441 559 8727 50
102 124 905 996 24784 17
101 383 843 1229 11826 19
199 288 18 378 4134 37
144 108 354 498 1149 49
91 292 670 994 24132 41
197 68 620 674 580 50
64 80 414 584 6261 13
377 237 863 888 6434 37
72 159 252 627 12181 22
61 85 48 905 4071 45
56 8 113 294 4653 44