161
57 154 719 1040 14626 22
136 318 75 1205 7867 48
362 29 192 738 63 29
386 161 171 1148 12831 29
307 14 272 471 24465 17
153 36 371 1287 4028 37
122 74 53 188 21398 13
224 283 38 1033 5008 38
105 320 67 170 13044 45
213 85 71 197 20891 24
397 12 945 1264 24224 27
301 20 691 1246 20745 40
24 53 1269 1292 9005 32
203 116 143 172 6474 13
159 359 533 665 11818 13
183 285 118 451 23210 46
126 352 37 51 5385 19
340 178 156 183 8188 29
127 14 198 242 9920 13
156 167 360 1296 11725 33
110 329 283 619 26394 31
4 369 146 225 24785 29
194 260 118 242 4524 17
273 95 55 377 19542 14
14 301 537 1332 16906 31
107 372 638 1338 12498 20
148 171 64 1331 12510 49
180 140 244 724 24496 14
337 370 58 213 18136 22
23 311 14 457 2575 23
291 121 499 1086 1733 14
152 153 173 363 8743 14
180 98 1 8 3719 49
61 50 235 603 7545 12
357 180 905 975 4166 43
271 357 52 318 25620 28
238 155 362 895 3453 18
156 37 266 566 9870 37
317 192 564 604 7613 37
62 3 382 1357 2235 28
150 207 956 1426 23734 49
236 386 643 774 17586 49
388 170 81 742 26775 28
258 135 715 926 17764 11
162 269 12 930 10844 28
249 234 1294 1319 14587 23
331 325 114 349 27072 14
217 50 845 1168 6217 49
110 68 562 791 21419 31
397 379 517 1299 18260 33
2 290 26 583 25836 24
238 79 128 202 8520 38
384 215 333 430 22863 33
197 377 179 567 16659 12
155 113 55 135 2565 28
287 362 305 505 18401 33
17 174 671 704 12989 36
126 90 529 1222 7230 40
264 115 510 789 21796 42
206 394 7 947 8718 19
398 81 279 1230 20622 28
294 277 1057 1138 10178 26
383 108 124 1173 19717 12
111 238 1214 1372 8406 44
364 78 517 634 1933 22
66 47 256 505 26127 49
199 343 999 1387 3668 35
125 32 14 17 10972 35
114 99 12 1362 15588 30
75 343 132 1059 3368 13
79 66 106 334 2012 35
13 250 86 1327 8913 41
237 5 71 507 6889 29
368 350 346 701 17963 46
237 253 1127 1361 16892 46
328 126 312 450 15001 17
217 313 358 420 7424 29
246 251 598 667 3232 23
368 171 469 1434 8105 24
78 298 791 974 19589 13
103 141 245 1027 13995 29
139 233 95 554 6293 48
145 206 491 698 18791 38
336 224 55 83 14469 16
254 260 248 339 6941 17
125 0 0 5 25637 47
350 60 252 529 5862 14
395 329 310 449 23701 16
207 129 577 1103 23089 25
175 46 525 1048 25286 31
324 85 429 1115 5324 11
396 289 68 81 8825 12
271 250 51 945 4061 46
195 310 3 40 13128 38
337 373 289 717 14839 39
43 41 674 836 18966 46
276 165 220 313 23232 48
288 125 707 957 23940 25
247 118 95 138 12227 46
97 55 183 238 7422 29
352 385 367 798 1649 44
90 87 16 194 1110 14
334 184 847 854 26085 21
230 355 739 1187 9121 17
322 38 438 565 2117 22
33 225 675 871 20391 27
283 305 63 67 22006 38
220 189 123 128 21565 41
42 277 179 363 15074 35
343 333 487 597 682 27
67 148 481 661 15051 48
113 349 534 1348 10163 27
351 370 1020 1109 24830 32
146 51 729 1324 26287 39
152 17 1149 1251 231 50
318 171 6 38 17010 24
228 107 216 234 20192 48
143 129 91 527 22844 26
123 107 93 287 24938 42
51 247 834 1030 19873 42
366 136 393 1131 13068 39
54 18 220 685 320 31
123 361 90 1077 13951 19
207 287 27 95 10427 17
255 388 482 914 11110 36
262 196 174 278 20109 50
149 341 107 267 20298 28
391 287 521 1321 23975 42
59 281 222 794 7316 16
388 113 292 319 17722 27
238 226 30 727 3131 21
173 11 62 195 15283 11
211 363 135 185 23914 17
362 95 222 1096 7645 31
349 312 297 952 26243 40
176 231 390 984 22352 11
388 351 329 1188 24645 40
193 234 123 127 8548 34
235 89 46 162 9869 28
38 326 160 1334 16587 35
163 86 66 67 6850 25
132 223 668 858 14842 16
217 285 291 1110 8133 17
353 173 80 331 23085 40
120 34 145 382 13371 10
282 263 105 259 15662 21
167 370 318 751 25189 44
63 315 234 910 4957 15
221 53 209 735 22128 46
286 298 42 44 11790 46
53 131 264 950 26280 49
86 338 595 1215 24759 22
19 198 139 685 21274 20
28 151 160 243 26397 37
165 386 92 609 14569 24
99 202 191 447 20602 34
383 322 155 156 20141 42
5 108 698 1419 12433 18
64 356 268 331 18319 12
208 65 206 277 9308 15
95 391 16 23 3952 50