44
159 324 1113 1385 15561 25
64 281 341 493 18089 29
243 317 1070 1275 2830 20
98 215 465 533 5501 11
147 186 517 938 14419 37
334 247 47 186 13217 15
351 153 785 1175 22880 47
30 202 12 1053 18481 34
393 33 1269 1335 5868 17
48 228 163 565 2815 11
59 140 18 170 5213 50
306 278 100 1076 494 41
246 143 1064 1265 23057 42
271 103 297 1431 5790 43
33 130 54 114 22855 43
323 206 284 443 11288 12
17 220 1137 1264 1804 34
171 386 150 285 13635 25
380 198 319 507 22972 27
85 104 52 145 24493 20
333 383 469 639 10836 31
126 45 788 1218 1141 29
336 36 458 1214 6812 46
224 166 491 899 15362 10
132 266 11 220 7759 24
0 254 270 779 9805 44
46 164 665 1387 19491 17
260 362 713 826 19014 48
393 318 858 1031 2724 32
28 292 59 251 20853 30
24 29 702 1319 6142 29
84 9 1350 1380 3640 48
103 389 96 487 10219 10
244 108 419 1341 7571 45
315 339 1081 1310 2601 42
300 180 157 272 2008 16
36 30 36 98 23726 20
125 121 129 488 3857 30
398 318 118 234 6720 39
56 119 260 594 15227 36
369 212 368 679 19254 14
365 154 337 344 15723 21
58 50 34 98 3979 39
162 200 543 1299 3931 35