21
149 358 182 188 4906 13
66 29 16 64 18438 14
64 15 1134 1267 614 33
17 198 94 96 22013 12
301 106 710 763 14387 44
160 373 73 873 25195 17
15 223 429 925 26063 16
76 298 104 505 1055 48
130 152 109 1241 26902 48
2 2 108 1157 8184 18
91 120 64 1029 15062 22
158 158 257 973 16506 17
351 354 944 1289 13118 18
334 302 238 699 20030 44
372 362 854 1112 19586 44
32 86 232 994 24817 27
9 337 387 429 8640 14
305 341 130 195 1843 17
53 52 808 1179 19709 40
11 23 35 84 20574 15
249 95 729 955 16535 24