25
400 85 117 454 14459 31
260 90 145 165 18768 14
140 12 326 883 8197 26
125 264 1114 1296 3419 30
156 359 90 281 3844 44
381 331 1120 1229 24405 26
4 221 222 317 24433 35
102 328 75 309 14647 19
117 202 1115 1395 18191 24
235 34 141 295 25659 14
377 371 560 572 19198 31
244 353 487 992 18529 36
143 5 916 1374 10618 34
291 139 281 977 3801 39
272 81 87 1000 7487 33
240 265 240 274 1709 44
141 354 49 177 20384 43
67 82 420 643 16484 37
263 192 13 61 22218 12
283 213 202 477 2473 11
40 306 886 1296 4386 24
329 206 176 893 14774 25
347 75 717 1205 3353 28
332 352 351 533 1875 35
177 61 196 1045 24817 14