150
7 345 873 1031 16292 936
200 145 594 1025 2796 160
250 353 1075 1203 70 80
121 351 1253 1255 824 18
244 82 536 1197 2640 691
372 279 686 870 3594 913
364 285 1179 1402 2204 674
127 217 1306 1413 3323 305
169 209 18 1246 14582 31
361 315 1185 1208 4229 468
246 257 1010 1072 9302 523
356 84 1379 1417 4169 287
324 206 966 1243 6796 517
148 209 449 1251 13156 32
209 94 709 1136 128 161
119 128 1066 1421 9016 549
152 252 1305 1337 2314 516
376 290 1338 1398 2698 566
397 116 1080 1325 3334 673
0 150 1317 1362 3154 62
147 210 45 1385 12523 53
364 389 377 1344 25914 697
212 312 1066 1160 3171 294
222 301 584 829 6933 373
92 54 704 1380 7525 457
380 191 1159 1333 6709 576
149 360 578 905 3220 631
56 203 846 1242 1451 739
143 238 40 611 15347 34
292 97 873 1381 2830 626
316 301 1324 1426 1624 874
280 336 1039 1152 2670 959
25 128 954 1102 2190 682
5 47 1104 1410 8214 984
361 172 861 1106 1766 253
164 55 674 1135 1988 196
156 259 941 1407 2587 279
145 230 135 833 11654 53
203 9 785 1088 3988 214
90 187 1303 1397 9128 484
300 240 1238 1265 8771 638
296 258 1136 1205 5802 267
165 204 135 1346 15293 50
113 55 767 1155 5329 688
43 134 790 947 4081 338
247 171 514 1196 4914 543
153 320 524 945 2855 781
265 63 547 1024 4793 885
202 161 1218 1254 2403 733
322 213 1037 1399 1464 153
164 289 1176 1215 671 171
169 228 1 576 15711 27
92 298 1337 1415 1177 204
174 180 723 1353 380 146
162 311 641 1184 3961 288
17 245 965 1355 607 38
262 34 1256 1277 971 12
151 193 1101 1136 3830 113
330 167 894 1341 661 114
102 172 1015 1390 4020 540
323 218 1164 1409 2754 524
165 218 191 1369 10084 7
121 136 1126 1334 4065 756
332 373 995 1363 2224 53
210 165 1050 1345 997 262
218 383 655 1260 398 85
257 306 1230 1259 5367 411
248 93 800 829 8689 353
249 80 1228 1322 9256 476
238 389 1108 1199 7222 683
201 234 763 799 2425 779
141 105 1200 1307 3350 881
143 382 749 1370 4410 861
381 301 1250 1396 1155 112
238 128 1390 1436 3096 69
120 211 831 1230 14838 68
214 231 545 967 731 168
178 211 899 983 4510 273
299 334 927 1406 4307 464
389 113 1316 1421 4159 317
370 150 1202 1424 3996 546
296 217 846 1281 4605 498
82 58 1360 1425 7447 261
226 295 567 1096 9519 633
213 381 1396 1399 4708 507
205 386 582 1103 4298 919
207 110 1037 1241 116 181
102 0 270 659 11824 39
130 249 163 700 13886 25
56 372 1020 1315 16526 987
304 371 1219 1245 4634 189
4 259 533 991 2848 266
349 135 1340 1398 2374 211
369 199 796 952 6200 401
50 167 1368 1437 3605 509
204 222 1321 1324 7970 506
70 149 1386 1434 7098 256
189 125 1311 1428 1760 582
318 215 896 1121 3444 529
341 134 974 1006 3528 897
109 312 732 1343 3903 87
328 44 1124 1302 4377 19
149 195 170 1174 14286 32
28 262 517 1289 4603 210
164 360 1396 1409 1824 22
209 173 535 1307 4978 676
298 322 525 826 1952 797
276 137 590 1082 1022 833
238 97 1077 1089 2267 902
254 250 767 1037 9511 435
119 12 1195 1344 3993 303
130 383 564 923 7977 436
304 253 506 698 6523 645
165 233 49 1252 12269 57
219 360 1353 1437 2502 69
234 123 773 777 3594 104
315 88 551 907 3095 587
184 13 1275 1280 5360 511
215 332 1393 1413 5841 319
244 52 771 948 4137 894
255 249 677 970 1450 836
141 211 5 836 13571 30
354 79 1160 1337 3461 504
101 240 1290 1342 4153 674
224 277 989 1338 2913 916
195 212 92 378 15287 52
165 277 1260 1435 1448 913
144 36 737 1380 1530 837
341 87 1293 1340 266 42
388 315 850 1180 17954 1233
40 387 747 1008 7179 514
191 366 1152 1208 2810 198
125 227 147 853 15004 8
337 58 1057 1112 303 95
244 118 645 767 4246 137
129 230 1301 1417 9312 670
142 381 1322 1412 7406 447
199 154 1190 1371 1197 517
103 228 1183 1416 2266 947
156 197 29 1050 10005 12
304 351 1187 1352 3657 758
266 6 725 913 2980 535
197 332 713 892 3726 905
183 387 1104 1156 1598 660
368 366 979 1125 12506 1209
363 383 1019 1062 19442 1219
31 27 115 808 19763 485
141 217 72 1421 12464 16
307 55 780 1391 2361 179
332 366 1175 1290 3403 89