175
169 224 313 980 30 146
164 184 183 834 78 73
222 233 149 676 50 123
225 170 284 944 136 56
234 180 235 916 32 51
237 186 144 918 56 157
221 167 230 876 64 74
169 176 373 880 136 122
230 174 56 976 58 38
167 179 167 666 154 151
236 184 93 856 6 77
236 185 263 888 48 98
161 193 357 732 52 80
166 180 218 564 78 72
186 163 121 784 36 68
217 165 137 866 38 59
172 173 154 624 94 104
234 180 308 710 76 59
222 232 361 904 82 85
203 239 330 804 68 130
231 224 240 604 106 99
231 225 301 748 134 135
183 164 314 846 134 83
167 221 352 870 70 118
184 164 256 550 24 104
237 187 15 724 68 134
171 227 43 960 20 50
188 162 1 512 182 85
221 233 216 794 12 66
228 228 113 698 146 65
227 171 106 906 118 56
237 185 83 504 60 87
234 181 181 862 152 47
239 192 103 960 2 156
164 184 300 752 52 113
263 248 64 694 376 74
121 195 181 600 196 42
227 125 144 926 348 141
130 237 233 656 376 154
185 278 292 990 124 94
126 170 56 766 212 57
270 238 82 516 252 136
276 176 246 566 260 132
129 164 262 706 296 133
261 251 35 606 268 162
218 277 58 556 120 89
273 168 90 944 352 124
123 182 131 530 356 138
142 146 12 544 132 114
212 122 36 762 268 139
122 216 320 958 284 145
278 212 112 758 324 54
149 139 484 974 228 109
232 273 435 940 380 160
190 279 278 700 212 77
262 249 301 984 332 71
148 140 386 842 56 69
125 227 298 766 304 82
235 271 122 630 180 102
129 165 283 646 396 111
125 174 66 796 80 144
252 259 51 932 108 99
136 246 16 912 48 121
161 269 323 832 316 44
122 212 95 678 364 41
279 206 175 722 68 110
148 140 61 534 200 101
252 141 122 734 148 106
274 173 89 720 288 111
171 274 273 578 300 91
161 313 126 654 64 147
264 100 133 668 240 85
241 88 431 978 752 124
290 122 75 572 704 92
138 98 356 980 456 59
262 98 187 924 544 92
315 168 220 728 200 77
243 89 16 536 408 106
140 303 164 850 64 128
319 186 140 826 56 90
245 89 55 706 760 79
140 303 36 776 56 129
100 134 320 782 96 117
172 84 263 556 80 113
286 282 170 956 344 88
112 280 311 662 520 122
83 223 76 666 80 92
271 296 38 900 488 70
81 193 21 964 40 161
286 117 133 932 160 108
90 247 78 574 112 114
122 291 101 978 568 49
131 103 169 588 320 113
292 276 0 636 768 153
87 160 437 906 152 160
99 264 37 546 448 107
233 85 433 956 552 153
189 319 62 522 384 51
100 265 107 700 72 102
251 308 369 918 200 42
116 284 175 674 96 36
113 118 87 740 368 36
107 125 160 622 560 62
305 256 369 858 120 142
236 314 34 620 664 127
246 353 223 784 1584 126
50 254 48 632 352 44
111 68 53 582 1104 155
79 304 107 642 720 44
84 91 447 914 1056 59
298 325 150 650 1584 85
322 303 433 956 512 36
314 89 147 968 432 37
326 297 73 518 1040 61
54 136 245 890 544 63
110 69 116 580 928 102
114 334 232 670 368 103
352 247 289 888 272 112
286 334 187 758 1184 85
97 321 99 694 544 53
263 347 19 562 256 36
92 317 44 598 736 47
226 43 163 672 560 131
245 47 445 896 448 60
111 332 378 838 240 137
352 247 241 870 368 81
342 129 23 744 496 118
331 290 76 770 624 55
49 252 109 646 1136 76
345 267 241 610 992 143
122 61 330 856 816 119
245 353 45 862 1200 118
349 143 181 602 1040 119
122 339 43 652 144 101
78 303 48 840 688 54
123 339 276 714 1184 103
274 341 230 1000 720 66
237 355 54 1010 496 131
302 77 39 564 1456 41
353 155 45 680 1296 48
2 220 256 1022 2880 55
121 383 15 542 288 141
20 286 286 912 416 66
312 365 110 792 2880 140
15 127 272 976 2656 158
39 82 55 874 2560 46
256 9 256 662 960 75
72 48 24 722 960 121
361 318 230 922 1312 148
394 246 75 660 192 44
8 255 68 554 2080 157
349 333 249 778 2592 155
117 19 287 754 1216 147
96 30 88 998 2848 79
379 112 239 674 864 74
374 297 263 886 1856 58
324 356 66 626 416 124
392 145 243 774 1664 160
64 55 121 646 1056 66
391 142 71 572 1472 106
62 56 299 736 3008 86
108 23 75 676 2432 108
5 240 14 998 2464 120
327 47 201 630 3072 47
160 5 222 652 2368 103
399 215 100 1024 832 102
366 90 363 866 1600 63
255 8 348 892 1472 116
390 259 213 966 1888 126
320 41 58 606 1376 128
337 56 2 744 1504 49
377 292 78 870 160 135
55 63 359 926 2464 46
343 61 291 828 2528 44
390 260 254 660 2624 139