50
314 117 965 1110 8256 1026
70 332 110 1298 7515 133
180 220 757 1417 22195 17
152 27 598 1131 2094 1051
280 284 786 1215 455 387
205 364 1021 1092 449 65
20 105 1149 1266 10622 1379
50 119 1087 1182 26705 1308
318 120 684 938 25945 1025
205 199 230 664 26005 63
59 34 629 850 15555 1418
233 339 449 475 11111 1323
194 354 92 657 2899 175
162 132 915 1098 19252 810
179 76 622 1106 1981 1421
132 388 40 900 12000 1340
203 166 658 1196 6291 117
365 178 344 379 755 160
309 300 325 992 243 150
351 232 504 857 755 405
270 112 1036 1073 16214 1070
96 298 151 521 569 204
190 175 166 846 2366 1324
111 259 32 1225 5270 286
205 141 70 725 25989 233
361 200 738 923 894 219
263 71 781 793 726 451
221 263 1060 1383 5532 850
216 164 805 932 4356 178
86 220 128 218 1799 257
51 54 1175 1261 23037 821
261 138 556 930 21126 829
245 240 239 1047 16208 796
294 361 363 883 9992 1355
189 106 628 965 2953 1403
134 378 187 954 104 121
174 197 431 1407 24157 20
93 264 197 917 5252 172
57 175 499 1133 8970 1086
161 287 33 324 1979 261
193 230 919 1234 7953 250
204 50 96 1089 1342 54
393 355 552 1267 6699 1129
380 376 835 854 20546 1114
217 174 742 1245 10593 10
393 297 101 580 1899 1322
388 318 1134 1183 13512 1237
368 355 741 1426 13947 1253
192 247 536 1004 18223 71
349 364 163 388 806 1065