50
175 230 55 802 64 150
236 217 380 852 4 154
229 173 213 704 62 80
213 163 143 516 156 133
162 189 43 952 188 53
222 167 184 538 56 146
238 212 324 1000 40 102
180 166 152 760 164 103
230 175 157 590 154 103
227 172 156 912 110 129
183 278 229 924 236 87
266 243 79 522 104 122
144 256 139 508 376 71
269 240 58 526 200 58
257 145 36 916 300 123
253 259 48 504 260 152
257 256 96 534 248 62
149 261 299 936 24 85
252 140 111 584 64 104
239 131 242 736 268 65
236 86 259 874 584 47
82 184 212 890 656 140
114 117 57 602 640 122
314 165 388 836 736 66
119 288 427 908 464 77
83 225 121 964 456 118
278 290 352 820 160 68
269 297 245 516 792 84
281 287 330 890 8 84
300 266 203 732 256 142
342 273 33 918 224 119
153 48 122 1000 32 105
358 177 159 718 304 58
219 358 102 564 800 154
184 41 26 866 736 64
88 87 130 988 144 163
58 272 12 860 1024 104
323 302 209 900 608 144
88 313 126 866 480 72
73 104 204 602 352 47
381 284 226 574 832 40
295 25 134 718 1600 48
294 376 341 780 1312 56
294 376 128 576 2464 76
167 397 275 608 1504 85
87 36 123 654 1408 154
385 126 31 684 1536 45
73 46 20 572 832 149
55 63 195 896 576 82
376 107 210 660 2528 70