25
86 259 1070 1304 700 919
300 350 120 500 1200 80
200 150 0 200 1200 100
29 126 819 1440 449 56
104 317 1055 1352 2922 1310
59 252 203 1081 1498 578
200 250 0 800 1400 100
19 366 93 782 4632 1175
0 319 1136 1203 4139 347
260 210 10 600 10000 200
52 120 1137 1179 1331 757
11 390 1405 1436 5167 53
175 180 950 1400 9100 244
150 55 492 930 1709 64
99 377 484 932 5321 1372
87 11 1053 1374 1921 1097
232 299 700 900 27000 50
20 135 1275 1355 1777 1426
5 77 728 1255 1217 1204
250 158 30 400 2000 210
161 0 945 1274 950 315
106 223 734 747 3073 902
117 46 1161 1302 175 137
210 130 50 400 2000 100
237 260 870 1000 13000 71