180
150 291 17 377 1822 116
254 147 17 662 13638 909
256 105 128 173 14492 852
183 181 186 635 2124 208
211 39 61 900 830 208
180 36 175 1006 1044 13
46 55 95 1188 2844 1177
19 17 190 415 1823 1293
225 250 0 116 974 855
219 184 5 137 693 70
83 270 59 755 11324 1350
123 274 80 790 11006 1037
154 266 107 750 10197 1237
13 331 138 988 1785 1295
380 224 48 479 26169 37
7 275 131 452 3541 611
229 67 165 313 61 243
255 87 69 911 2427 227
313 353 109 119 734 658
200 377 27 249 13462 1116
68 326 76 941 11288 1300
299 295 139 1268 1323 1236
228 226 109 799 2302 720
396 80 141 969 4802 163
32 166 50 191 11914 957
88 194 149 1417 14456 831
148 93 51 392 12375 1181
117 200 187 815 14707 1019
386 17 153 529 3833 1240
330 296 134 440 3111 1004
82 254 63 1344 10311 819
131 263 103 540 13476 951
6 245 19 1059 11322 921
373 281 120 520 3280 1004
333 253 38 993 1049 639
102 187 137 394 695 277
296 53 123 1126 10042 1342
232 93 189 1395 13073 904
367 156 17 800 10078 982
263 88 146 1085 12807 854
346 157 121 1427 11603 760
357 254 70 375 15100 29
38 368 50 617 1606 753
126 400 158 867 2041 184
308 139 174 806 415 252
324 341 197 329 1988 530
302 266 103 1216 115 895
252 201 127 1226 3199 347
48 328 150 655 11822 1090
163 379 139 1240 13202 729
31 31 183 673 4708 1126
320 36 79 428 1702 1039
331 43 156 726 1910 979
68 23 168 1198 3425 1185
18 91 114 332 982 1214
318 190 75 1382 11997 1019
66 348 199 223 14352 1154
244 3 153 173 2868 689
203 289 3 458 337 502
26 236 30 885 3237 45
78 115 100 948 12977 855
89 179 113 1009 14906 1305
286 96 170 424 2746 186
269 190 157 548 3155 135
97 390 82 173 5433 897
9 213 67 773 10119 1391
109 236 47 879 15443 1397
83 213 37 250 15991 1108
338 169 153 1424 3201 134
185 325 74 1316 3855 264
17 58 182 1429 3435 887
256 386 169 1338 16096 42
305 29 166 931 5847 512
6 333 180 1428 2843 815
368 78 122 334 461 479
370 52 119 1284 2981 898
385 98 133 455 717 907
329 27 143 337 3996 309
14 345 158 240 220 504
300 318 35 935 14913 42
6 393 5 1130 5622 224
329 92 22 655 2245 110
24 60 171 1385 438 1149
53 169 173 377 13282 885
102 124 97 1023 11212 819
42 94 129 1211 11321 758
340 211 75 466 3285 845
387 95 122 872 2140 1000
319 24 94 493 829 1233
108 128 171 251 15255 989
91 375 50 1125 5509 1223
205 230 108 410 1739 1091
301 349 90 1282 2200 1398
115 99 118 741 950 0
138 63 84 660 501 112
27 58 46 68 2563 228
386 131 102 1013 15669 1111
364 180 83 1335 11356 715
233 80 86 637 10437 1175
59 46 50 1049 511 471
114 151 133 1285 2583 48
301 210 127 638 25473 6
229 295 104 1220 3870 804
13 239 14 1182 1167 194
168 351 23 689 2232 74
177 69 89 799 681 27
50 95 136 822 3529 209
330 253 184 600 2256 624
200 298 6 1014 325 1231
347 0 120 1109 305 446
334 330 165 1158 3016 492
203 295 161 1287 1663 1181
314 200 53 1124 2750 1316
346 287 25 600 1082 917
102 352 161 323 247 30
75 279 6 67 3027 286
228 192 35 425 112 166
27 368 84 1277 739 702
0 247 163 761 4053 220
98 385 122 667 919 961
249 370 109 831 2688 1367
270 232 149 803 2010 664
246 246 148 702 24865 45
193 118 36 1259 10945 1251
340 175 119 521 2579 29
268 235 128 1409 2015 1069
201 375 190 810 2782 657
49 1 167 506 2846 521
46 14 45 110 1005 229
248 252 192 968 63 1133
136 307 104 583 2750 19
88 218 191 1018 3250 222
52 195 142 884 2375 299
116 77 93 468 2044 115
217 391 21 1304 3642 979
281 264 59 215 1912 366
157 2 79 1168 2366 610
15 89 125 180 1134 906
321 243 81 1074 601 929
63 324 89 1025 524 233
141 369 83 353 2392 128
114 150 158 1164 1161 46
108 27 119 379 3254 107
336 186 144 1150 1018 273
96 41 10 922 12940 819
81 207 113 1290 3148 155
119 334 64 1252 80 202
37 243 19 646 76 41
335 200 83 1068 12547 43
84 292 115 811 292 264
315 203 32 767 630 1131
32 41 155 1239 1415 980
212 34 123 191 11302 826
374 109 15 1415 10532 978
373 177 87 1341 11920 1378
7 133 188 568 2823 622
298 135 29 1316 523 89
159 390 46 203 13304 1349
146 78 98 958 14223 1241
43 147 118 704 11696 1086
307 287 103 1420 19944 41
5 304 3 315 2049 203
210 74 67 181 13822 1074
181 174 189 1428 12896 1151
104 38 96 1356 1178 240
29 367 198 517 5418 300
58 346 120 1392 4402 867
133 31 113 1063 3723 71
103 87 161 320 1543 206
283 138 158 199 750 275
293 34 76 796 2184 77
325 336 30 794 307 326
396 159 49 209 2578 1127
400 128 135 975 4385 963
213 230 36 196 20451 53
227 249 137 1428 1677 1223
222 223 198 1130 218 1046
266 243 8 281 1770 775
285 296 55 1175 16156 62
267 362 109 839 545 695
