52
214 163 196 930 90 65
229 226 21 812 30 82
218 235 309 866 178 158
216 164 300 766 2 142
236 216 407 968 138 132
232 177 227 518 72 162
213 237 24 704 138 91
168 177 259 668 132 79
184 236 197 622 166 97
238 210 304 634 132 134
262 151 180 612 0 50
272 234 187 648 268 95
264 153 19 514 112 148
266 157 26 708 304 157
228 126 158 826 80 53
265 246 101 818 388 38
266 245 200 954 324 109
129 236 221 664 36 116
224 124 269 692 296 77
148 260 186 626 264 113
121 110 171 618 560 44
149 92 143 538 88 158
294 274 68 598 112 72
141 303 158 518 464 119
280 111 333 748 288 100
284 284 311 652 184 106
84 228 42 672 536 162
282 113 65 596 744 49
304 141 291 716 320 141
128 295 381 816 568 118
63 118 280 584 1584 121
302 322 36 726 1280 127
263 53 114 572 1584 122
334 114 286 908 144 149
254 50 189 682 1344 85
156 47 51 540 720 53
351 251 207 672 416 86
42 218 289 668 1088 91
352 249 88 608 1504 86
348 140 260 550 832 99
120 18 56 790 2816 97
30 96 222 1016 1120 90
94 369 149 596 1056 154
65 347 449 1008 2176 55
138 11 121 692 2560 153
397 167 209 732 1024 151
283 381 277 796 768 98
26 297 225 588 2656 122
350 68 46 568 32 88
382 282 6 602 1088 58
353 68 46 568 32 88
385 282 6 602 1088 58