180
120 223 512 900 1732 36
120 113 769 1185 6166 81
120 268 434 809 2094 617
120 148 1364 1389 987 51
120 177 723 1054 6681 226
120 104 768 1103 563 304
120 16 455 831 2651 134
120 171 1430 1433 3399 6
120 339 602 981 1897 232
120 88 691 711 1116 501
120 63 162 206 3939 1084
120 339 14 322 4864 962
120 91 37 283 8598 97
120 132 1240 1430 6740 10
120 393 362 644 2570 238
120 366 573 1033 7367 359
120 239 876 1241 8728 59
120 85 65 249 3455 14
120 77 850 981 4828 124
120 333 183 663 499 546
120 187 660 968 357 405
120 358 553 978 4350 87
120 308 690 989 4009 405
120 400 238 695 797 359
120 1 87 303 1061 617
120 195 556 793 3335 491
120 257 232 391 8325 148
120 263 529 825 2636 80
120 270 1391 1407 8659 20
120 174 1391 1407 9493 5
120 174 1148 1365 2516 29
120 49 763 1012 2609 339
120 51 216 545 942 412
120 385 695 1042 7286 177
120 175 1352 1381 744 47
120 134 326 745 4361 583
120 102 507 698 1297 389
120 249 1409 1417 2517 10
120 378 790 887 4921 307
120 290 546 602 1272 191
120 326 1141 1420 6479 13
120 351 4 352 8216 259
120 211 859 1297 174 62
120 244 423 881 4246 548
120 344 502 844 378 538
120 27 747 981 9225 230
120 228 285 287 6921 257
120 63 1032 1063 2626 34
120 315 1012 1381 7954 12
120 44 21 182 1062 1086
120 60 591 985 6514 310
120 138 387 537 7880 427
120 122 864 1163 6365 181
120 230 679 1112 5290 26
120 246 483 528 9706 501
120 374 488 728 7696 598
120 157 1385 1403 2060 18
120 0 446 628 2061 739
120 250 638 1047 6122 104
120 60 1013 1030 4923 126
120 343 302 456 1295 538
120 227 212 597 1202 791
120 279 980 1259 5624 103
120 199 1162 1333 7923 7
120 365 945 1357 366 31
120 7 309 393 4975 1022
120 366 1149 1285 8627 24
120 366 1052 1142 2659 184
120 157 660 989 9365 58
120 353 201 326 7543 273
120 60 408 607 2781 449
120 100 1157 1321 3148 20
120 180 936 1020 2599 87
120 21 1252 1314 6043 60
120 27 1426 1430 8775 6
120 244 1416 1424 7804 14
120 257 624 759 2832 604
120 74 894 963 9907 380
120 113 1090 1249 5989 76
120 377 681 1098 3607 36
120 272 1350 1380 1392 28
120 85 1377 1413 4866 11
120 71 1073 1195 2199 58
120 180 783 822 2814 351
120 48 950 1305 581 53
120 19 568 772 570 597
120 316 36 156 3517 546
120 313 42 142 9945 414
120 103 893 972 8017 289
120 215 304 680 9579 409
120 60 34 182 8483 50
120 195 553 758 8112 667
120 340 198 450 6173 583
120 329 1408 1418 4994 10
120 305 1028 1138 7562 32
120 272 805 1181 9965 38
120 291 1039 1064 4475 207
120 13 851 1327 4241 111
120 43 920 1262 3162 17
120 137 738 956 780 131
120 267 798 1011 1030 355
120 82 635 1086 3502 71
120 255 805 1236 4014 17
120 235 280 537 5382 802
120 398 1309 1352 6697 43
120 324 780 1179 3917 163
120 264 615 685 4327 129
120 391 1155 1163 9652 126
120 370 635 974 8742 119
120 90 870 1297 1265 67
120 44 547 675 4031 153
120 355 1 398 3348 644
120 193 102 336 9758 184
120 302 474 712 3692 450
120 355 735 1130 6163 119
120 17 764 1178 1876 195
120 193 183 606 7862 184
120 184 785 958 7045 381
120 5 1322 1361 7012 36
120 259 1098 1405 2076 3
120 304 1160 1253 4425 67
120 134 933 1239 6990 174
120 49 876 1312 1224 92
120 225 1112 1343 1013 1
120 35 786 813 9179 366
120 339 502 528 1706 583
120 262 1098 1191 868 156
120 71 1242 1308 680 26
120 186 1292 1341 9609 36
120 8 1017 1158 9107 267
120 95 66 294 2267 329
120 222 304 486 5606 181
120 266 1207 1284 5409 146
120 335 655 838 7572 117
120 362 810 879 2364 67
120 234 1247 1311 7063 56
120 272 169 284 4789 367
120 298 1412 1421 9274 6
120 319 535 1006 7817 228
120 381 1028 1165 9781 265
120 376 217 538 8213 108
120 109 52 85 3103 1030
120 56 1365 1390 9829 46
120 199 83 463 1185 618
120 235 414 730 9908 691
120 134 871 1303 855 113
120 163 1174 1274 9747 10
120 342 1313 1355 4378 32
120 357 1397 1411 6453 20
120 243 1300 1346 254 14
120 44 448 527 2541 525
120 293 132 607 7088 809
120 331 750 1198 3284 230
120 43 342 718 5725 669
120 21 12 45 2570 1070
120 53 327 494 359 693
120 129 213 281 6369 938
120 299 421 682 6129 33
120 184 1004 1004 9716 126
120 244 9 117 9458 1116
120 16 594 758 3956 678
120 217 1332 1368 6239 68
120 93 627 1062 1300 366
120 334 284 594 7991 262
120 46 1240 1295 9135 59
120 282 1263 1322 8733 72
120 381 557 784 5109 633
120 78 42 259 9326 677
120 335 412 824 7377 330
120 383 426 608 80 543
120 336 1270 1326 5790 78
120 183 883 1296 3508 105
120 166 403 557 8141 644
120 48 757 1076 5377 317
120 176 1130 1233 9619 19
120 166 365 832 2776 599
120 262 778 948 138 402
120 9 1297 1344 6541 28
120 87 584 696 7116 457
120 28 277 709 2186 518
