180
14 208 489 852 9773 102
256 167 443 881 6084 135
225 256 732 1006 1183 159
90 8 1001 1299 1286 47
150 331 821 845 8892 415
66 97 104 404 828 140
84 137 859 1008 5790 379
266 103 468 602 6990 142
57 10 847 1327 1993 6
249 381 236 571 4690 704
338 314 481 592 7569 139
216 290 99 249 5553 583
391 392 469 785 8831 25
18 180 556 781 5399 462
137 132 402 407 7466 42
132 193 963 1033 8356 312
166 331 1205 1321 1446 110
43 255 970 1335 6753 75
11 249 1376 1397 6313 43
110 297 1223 1303 7158 94
272 314 77 147 9291 493
368 121 411 657 7623 200
44 354 829 1194 1501 32
377 164 1392 1408 1858 9
331 249 1097 1349 5999 27
41 177 62 295 6366 572
79 112 428 855 5144 183
65 98 809 1102 2945 236
389 264 660 935 8818 305
220 67 1177 1266 1195 31
57 398 1091 1210 8540 165
223 29 95 194 3467 162
325 159 1260 1320 6303 50
2 172 218 223 8791 1178
370 74 1002 1264 3709 136
354 217 91 534 8830 136
382 273 410 722 5299 575
249 58 441 581 1262 115
31 328 437 763 6514 492
164 194 68 248 7348 669
97 323 985 1285 8993 12
83 242 1066 1329 7185 40
327 83 57 184 6386 976
53 32 781 1180 782 9
383 179 1388 1405 2176 0
33 61 1354 1382 2483 54
121 126 1109 1219 5453 22
47 39 541 616 6848 784
207 206 192 255 6526 1156
363 20 80 318 8160 818
126 386 1371 1395 4693 11
299 373 1187 1351 7161 52
23 282 88 105 3962 752
147 161 165 411 3871 126
346 19 387 641 3496 581
44 177 333 628 5715 275
81 337 91 119 1124 579
129 288 261 709 9576 296
302 235 1422 1428 6801 10
301 228 14 460 395 523
207 117 1233 1302 2922 60
271 106 1105 1216 7864 95
257 17 728 797 3976 55
9 200 249 353 1053 504
394 249 458 782 1954 214
365 286 1312 1354 4294 27
216 99 1084 1229 4060 52
19 63 1054 1186 5065 185
60 115 1376 1397 2038 17
348 240 224 381 6930 153
304 282 54 318 5973 366
84 190 597 867 3194 175
196 190 766 990 2149 175
188 173 20 197 1292 1038
103 39 755 929 4876 261
384 43 789 962 8981 330
132 62 572 701 3649 641
369 52 121 529 1230 152
146 139 524 861 3464 122
388 258 847 1195 8295 141
397 139 35 316 2586 187
309 119 725 1080 6497 357
52 200 567 822 4962 247
314 157 1421 1427 9554 4
396 12 356 447 1399 847
262 226 735 1072 8895 310
183 242 858 1268 1042 39
166 35 313 490 7816 947
294 359 357 723 3111 90
289 311 149 417 4557 241
320 110 46 503 9146 676
85 37 1006 1050 5608 314
133 148 985 1228 8200 93
105 244 1044 1159 2393 143
308 169 459 828 8962 331
152 353 140 473 6818 928
245 223 763 1195 1533 135
322 9 664 899 7144 166
224 11 100 422 7925 370
40 227 346 808 8471 93
144 267 786 962 8689 302
12 320 261 679 8170 177
296 316 207 548 8572 342
384 82 1395 1410 9680 5
129 395 692 931 3157 139
59 281 807 1083 5177 253
70 165 647 1021 1135 242
81 279 1228 1357 8437 22
44 54 1214 1289 2514 50
337 191 172 435 842 969
110 194 119 546 9712 100
158 64 1439 1439 3912 0
72 157 1108 1218 2009 157
63 189 653 854 1117 357
194 70 1079 1249 2374 6
245 381 532 725 4118 444
191 153 777 845 7374 398
272 83 283 310 7479 203
95 4 1411 1420 3849 12
363 213 173 372 2750 80
48 106 582 890 4382 42
162 55 1083 1406 7051 7
43 208 150 560 2015 91
89 145 435 543 8088 224
212 85 633 876 9998 85
74 389 1339 1372 5404 56
1 83 1102 1206 8959 90
361 257 303 609 8749 782
134 26 976 1338 8682 84
69 36 1225 1386 9972 8
44 183 579 905 8948 171
18 14 240 716 5554 58
89 381 820 964 669 212
375 95 726 732 6481 628
205 337 1399 1412 2973 10
395 166 131 585 8504 748
8 92 658 1074 4470 227
146 10 789 1150 160 25
304 204 113 218 2188 420
267 98 904 934 6432 341
349 368 883 1071 6657 146
121 362 341 751 4934 307
70 254 755 967 8733 125
134 204 309 336 5946 225
277 181 283 361 1295 830
369 74 1377 1398 1104 36
257 294 550 970 1319 364
86 199 812 1030 3874 195
134 380 750 1038 2563 15
343 255 809 1068 9677 76
187 157 80 270 2657 703
14 326 370 781 5772 609
73 358 1119 1227 9100 56
235 243 1291 1340 8494 18
320 23 776 832 6363 228
86 99 846 883 2974 446
249 142 488 612 778 293
357 273 1294 1342 3911 46
142 213 30 293 7735 123
392 313 1309 1316 5797 42
31 17 853 1265 2667 103
325 22 1341 1374 8447 8
254 203 1309 1352 1444 3
80 236 206 658 6451 547
128 129 324 333 8551 753
316 38 46 312 488 630
207 215 1370 1393 6450 37
62 142 1345 1376 4066 47
141 189 1055 1183 1086 244
109 5 1234 1302 369 127
306 314 313 346 3239 480
185 232 407 806 7315 244
16 398 1239 1321 2620 31
237 219 498 554 3338 262
292 91 850 1246 8421 173
142 47 1116 1171 4810 221
366 287 798 1121 2764 96
116 380 511 733 5676 126
159 258 988 1181 8886 131
390 119 725 799 3379 556
