50
66 99 681 729 9689 39
66 98 1338 1372 7487 2
70 97 549 1007 3114 79
72 99 927 1350 4530 83
63 99 1131 1167 3684 254
69 96 735 969 6507 226
71 100 14 158 1543 292
69 97 87 128 1755 742
62 96 1169 1259 8833 109
64 96 1127 1204 7126 42
130 93 88 367 1562 463
133 91 694 974 973 367
129 92 208 413 4306 366
135 92 125 519 6262 83
126 86 1390 1406 3081 26
132 84 1180 1312 380 34
126 92 305 321 3001 442
126 86 1072 1191 4243 159
134 84 1437 1438 6162 1
126 89 486 577 212 535
104 276 1335 1376 8529 15
104 283 1186 1223 1986 136
104 274 831 1287 7052 145
96 280 996 1008 3107 208
99 281 5 421 9366 894
99 283 1077 1204 7745 233
99 274 190 467 9997 330
101 282 1114 1222 736 159
104 281 835 1292 5287 56
104 278 83 214 3172 244
3 304 753 770 7216 444
0 304 870 944 4713 20
0 310 426 645 7432 394
5 307 908 1332 2247 9
0 313 964 1343 7814 29
4 311 1250 1313 4722 29
5 306 59 74 290 890
0 306 1363 1388 4063 45
0 309 1020 1299 6576 75
0 314 279 539 9994 401
81 261 1037 1073 8895 189
86 260 954 1102 7418 128
86 258 1374 1408 5331 25
87 258 333 627 3668 579
85 257 323 527 3223 138
87 262 1409 1419 9472 17
85 264 903 1285 2587 24
89 261 862 999 7272 276
89 259 84 125 4727 212
88 261 1431 1434 2006 5
