50
347 373 629 881 8015 90
42 279 613 997 9291 389
364 164 1117 1224 1663 15
345 222 292 369 5784 695
120 117 1359 1386 2047 7
353 48 774 961 696 175
269 16 1216 1217 5658 191
371 59 639 907 414 165
157 6 720 1036 6863 267
39 263 1430 1433 2821 6
98 248 395 551 9447 651
140 165 1087 1204 1377 51
379 339 745 916 5527 66
230 7 940 997 799 387
344 46 881 975 4952 380
399 46 71 116 1722 418
11 328 875 881 7119 461
269 296 1151 1247 2971 97
196 69 1040 1323 4684 99
35 152 1421 1427 4873 11
9 14 401 476 8533 14
317 289 889 1315 3832 35
35 86 309 735 2910 191
194 338 1422 1427 4320 3
5 54 482 626 9952 571
123 69 997 1195 917 190
322 292 964 1308 3613 7
286 363 257 273 162 1124
175 372 475 568 5024 396
342 234 765 798 3976 344
82 293 829 954 2624 103
389 298 674 839 4994 209
235 46 255 589 6214 32
58 5 917 1206 9251 115
333 398 138 390 2972 162
332 37 416 723 8807 305
392 291 1109 1219 3781 131
392 68 815 826 5086 595
368 172 30 274 4433 602
310 147 1314 1356 4521 53
118 178 1371 1394 8800 27
377 114 359 723 8209 114
373 214 1070 1193 2729 228
255 292 491 971 5625 286
164 28 1064 1189 5052 62
156 106 35 388 6114 383
247 97 397 838 6496 407
134 167 775 1168 1421 210
127 14 1056 1265 7694 171
180 360 384 755 2068 513
