50
120 171 1257 1330 3862 32
120 189 748 783 3325 153
120 162 703 939 6754 365
120 74 1261 1412 4121 11
120 57 858 1157 7735 177
120 320 742 743 114 371
120 81 1066 1282 3091 46
120 340 559 604 1887 482
120 23 765 993 240 97
120 370 1201 1411 1434 3
120 53 844 1302 2360 91
120 108 1177 1301 1631 30
120 114 247 587 5189 542
120 305 767 883 8718 38
120 216 1395 1410 5601 24
120 325 1244 1309 3153 89
120 159 252 672 9525 185
120 233 687 1115 9563 266
120 353 822 829 2883 373
120 396 152 183 2580 1037
120 11 464 511 7983 613
120 223 559 646 4657 86
120 232 563 1026 1420 214
120 88 697 1160 6104 89
120 342 24 245 4226 326
120 239 323 779 9204 610
120 86 371 779 5464 136
120 176 240 698 3431 283
120 282 444 909 283 498
120 61 0 382 8504 941
120 304 168 236 9409 279
120 1 182 652 5578 244
120 243 351 627 4574 254
120 255 576 979 5938 292
120 163 114 296 6423 108
120 360 663 955 6793 12
120 81 1288 1338 8735 91
120 361 677 1062 8295 321
120 162 783 806 7652 565
120 390 120 587 7916 187
120 61 687 912 1641 76
120 242 1277 1360 4371 35
120 362 343 743 4166 490
120 53 1372 1394 5187 27
120 189 200 667 7294 409
120 91 1003 1182 3338 67
120 249 496 528 7118 84
120 112 932 1331 3256 101
120 60 867 889 7633 178
120 156 1323 1362 3209 16
