180
80 118 434 601 4019 99
85 120 936 1153 3686 238
86 118 1147 1244 6588 196
87 118 255 509 4216 114
81 122 1305 1350 5625 27
80 122 1117 1294 5378 131
84 126 929 1127 8377 178
83 119 275 577 4538 94
81 122 1419 1426 6873 5
85 120 129 458 5956 890
84 120 1410 1420 4428 14
80 127 30 258 6806 651
80 120 61 279 4745 824
77 123 922 1308 4117 42
80 124 387 428 645 498
84 121 552 553 7933 141
82 124 1213 1288 1692 17
79 127 1300 1342 1685 8
86 117 1382 1401 4144 13
81 122 390 443 1498 812
87 122 1361 1436 3348 2
81 120 406 468 7366 93
80 118 676 992 1764 386
79 123 295 535 7275 163
82 126 805 921 6089 389
78 118 252 606 4525 519
82 121 774 1163 1920 42
87 127 75 244 9973 221
78 123 609 728 8228 325
87 126 39 381 775 963
82 124 512 559 423 75
84 125 992 1237 3503 104
86 124 940 1190 6359 112
86 119 1076 1151 5666 285
82 122 528 690 4582 195
79 119 207 403 5358 446
121 87 362 743 2854 348
126 95 215 587 1790 609
119 86 494 895 9642 412
126 86 25 332 9445 571
126 91 1089 1228 4281 112
126 89 1291 1417 4990 2
121 92 924 1393 6728 10
117 87 381 673 9364 84
125 93 24 339 5632 644
124 94 961 979 7686 227
125 96 154 516 2249 177
125 88 357 575 4135 663
126 88 1347 1378 8169 50
119 92 1044 1242 4122 22
117 90 983 1065 3001 302
121 89 167 243 9942 210
120 94 242 385 4377 676
120 96 740 1173 2166 82
120 95 1065 1315 133 110
127 95 1288 1309 4146 113
119 91 51 130 6348 147
117 95 536 844 1711 564
123 87 859 977 8968 104
124 93 594 704 3465 567
122 86 703 912 8752 367
122 94 274 397 5638 402
124 91 230 636 9661 87
125 93 116 207 6403 148
117 86 767 830 3165 231
124 96 1050 1351 7903 49
119 88 1264 1284 7163 136
119 88 1262 1312 7162 35
123 90 644 970 6713 400
124 94 1396 1410 6524 1
127 89 1039 1428 7652 1
127 86 1364 1389 2936 51
308 84 382 587 594 312
313 83 109 120 573 113
304 88 239 569 5052 473
308 84 1077 1099 7864 159
305 86 841 1041 2975 311
312 85 293 450 2705 237
305 79 968 1205 4130 187
304 86 625 1037 7696 187
307 80 635 901 2132 403
312 81 1113 1362 1232 22
307 82 107 335 1974 102
306 81 954 1401 7490 30
309 88 1019 1172 7494 85
305 87 873 949 5319 81
310 82 1315 1356 2266 71
312 87 1004 1356 1372 82
307 84 969 1217 7929 183
307 82 251 532 8493 684
303 82 1342 1374 2817 50
308 81 466 818 3801 121
305 86 180 339 2442 1065
306 88 572 752 818 248
304 83 630 1069 665 105
310 87 1175 1263 3958 73
307 85 1391 1407 8278 25
312 85 484 914 1850 361
304 87 747 1145 6057 266
308 88 235 464 8759 705
307 81 275 290 6507 1103
304 88 248 434 9864 823
311 80 967 1121 1587 159
307 82 473 730 8132 401
308 80 570 586 7271 488
312 80 1108 1429 4913 2
309 85 1038 1285 7470 69
308 84 844 934 7219 182
49 208 708 913 2431 356
56 205 632 1066 5606 24
55 210 1019 1142 9897 233
54 211 765 880 8519 123
56 205 236 249 2092 979
54 202 1422 1428 6138 1
56 211 128 577 3245 777
52 202 782 905 1154 104
56 211 197 639 728 247
57 206 1409 1419 8788 11
54 208 1150 1374 5180 35
54 201 1347 1376 4607 12
59 211 756 865 5342 26
49 206 1153 1304 9853 4
57 202 85 412 3781 739
51 207 788 799 8842 192
56 210 1109 1219 2894 155
49 203 116 558 1254 758
54 207 864 1322 9165 41
58 202 1096 1122 2213 266
52 203 548 642 250 134
59 203 91 489 6265 844
49 206 886 1145 6713 151
50 211 1082 1248 9435 22
53 206 1079 1272 9850 1
52 206 1029 1230 7952 57
52 206 1140 1227 713 167
50 207 802 847 3425 544
54 205 193 416 6045 386
56 205 66 180 202 1123
53 210 179 539 1391 314
50 207 352 596 3803 321
55 204 897 973 5655 342
59 206 94 198 6450 605
50 201 657 1076 4382 177
49 207 65 239 8770 1176
177 8 753 959 5029 3
173 16 703 1131 6975 45
177 17 497 597 1927 791
177 10 826 1020 9516 409
172 16 238 698 8017 71
173 13 484 917 8484 329
172 10 882 1078 5461 139
169 12 858 1191 992 9
173 14 200 554 6381 786
170 7 950 994 4798 400
170 12 578 896 2538 238
172 9 1434 1436 6441 3
173 16 955 1185 1318 144
173 11 402 839 4996 554
170 17 1250 1313 8738 85
178 17 909 940 941 201
178 17 497 837 9216 411
171 16 1280 1333 6508 54
174 10 1111 1220 1822 54
178 16 751 932 2103 414
178 17 1233 1263 1641 48
177 13 152 577 4342 483
172 11 622 707 9385 375
172 15 1266 1397 1893 6
169 15 815 1199 4991 156
168 8 611 984 2794 280
169 15 97 279 660 358
169 14 1261 1304 4537 5
176 15 427 656 7799 171
176 8 1128 1232 2552 115
172 12 594 950 8879 465
175 10 881 1163 2306 253
178 8 1087 1264 2450 160
177 17 1181 1267 7571 58
169 11 1179 1291 8202 0
177 12 199 433 1109 191
