181
47 24 407 508 7381 41
74 26 361 909 16879 60
54 25 397 1275 17992 12
91 56 418 774 6645 51
81 59 454 563 18237 25
63 38 361 506 25151 97
92 41 405 1341 26863 65
67 53 446 1064 10402 92
72 64 466 717 18872 66
64 25 480 865 23492 91
80 33 342 858 11272 98
317 148 342 972 25659 39
323 183 482 1077 8755 66
313 144 360 1293 21373 39
282 144 397 711 24398 3
297 147 396 1084 8720 30
299 144 322 1016 11836 14
306 170 317 761 8544 27
303 163 318 1181 8908 15
294 185 446 1318 1206 80
303 178 400 1265 11931 16
277 192 359 1333 9479 5
78 331 303 1394 10588 89
65 304 423 1184 15591 59
30 334 463 812 4731 92
36 310 310 965 4727 73
62 335 295 1153 17180 60
39 326 299 1202 26925 27
60 339 314 936 11301 85
64 315 390 760 5423 29
62 305 400 660 18576 25
48 310 435 1197 9488 44
64 350 455 863 24634 18
356 328 325 391 25665 67
352 330 468 1370 18709 94
345 317 367 406 9153 15
329 313 297 1426 11241 1
329 313 335 428 21425 91
325 353 409 844 19060 19
358 331 472 818 14570 98
357 355 323 408 7674 17
338 349 454 525 12801 16
316 313 403 1136 22164 99
359 321 333 1101 10203 54
227 268 389 1100 1122 24
259 301 472 790 9898 83
268 302 488 572 22123 40
262 296 364 1347 8895 76
255 271 398 418 22300 85
235 299 341 1064 15373 12
253 263 412 1095 6226 4
226 281 440 1113 26561 42
240 297 495 1430 24901 17
261 294 358 1055 26501 29
256 282 487 856 4692 51
221 55 426 1376 19196 47
179 48 443 1020 25999 69
181 24 427 773 7641 10
190 11 433 535 3893 1
173 54 470 590 13942 83
172 32 302 356 23291 76
193 11 379 712 7511 43
198 59 448 869 26726 96
199 12 470 1089 7078 44
181 53 455 1144 25182 74
185 31 307 805 10278 76
378 316 314 1059 8543 99
349 285 454 1371 18726 79
344 301 353 925 4456 25
337 281 493 683 21717 27
373 304 485 762 15566 72
362 289 422 824 24591 69
347 322 379 1105 1700 97
331 311 492 1073 4762 7
375 297 485 597 16323 31
363 274 385 1144 11448 84
340 320 443 1167 13246 16
118 46 372 1392 25728 51
109 80 466 835 21460 20
113 83 456 1259 7258 77
93 61 291 674 6997 30
91 44 307 452 6472 68
127 64 366 543 19828 79
89 70 404 464 23408 45
90 79 361 509 11339 49
107 58 455 539 1433 8
99 86 286 1205 20537 43
115 76 441 1204 10326 65
50 188 294 832 20570 70
65 168 342 395 24504 17
51 178 344 1088 17407 90
65 190 317 1099 13858 21
63 164 436 469 16932 76
88 158 289 1305 12611 43
56 178 290 699 16560 83
87 172 299 1350 16458 9
74 157 296 1437 3660 37
49 182 440 1221 25659 31
72 165 410 1324 7641 97
195 375 402 1106 6071 15
188 357 474 931 23292 66
189 335 465 987 5799 99
213 365 442 936 3860 78
201 371 451 1328 23478 36
179 348 409 636 9464 46
200 368 476 814 8071 73
220 367 318 348 8689 58
202 337 377 600 16450 92
189 368 334 977 18041 35
203 332 344 936 26855 24
135 223 405 954 4851 51
136 230 381 970 26953 12
129 231 413 1408 8725 88
160 208 417 1370 19357 59
152 199 309 443 9744 5
165 201 336 407 2842 73
149 217 452 656 23454 82
143 218 282 1332 4447 32
155 237 474 1081 22268 86
149 214 348 1231 8446 39
140 215 489 1063 12343 27
261 298 339 525 25373 72
268 281 324 548 10634 72
299 292 377 928 6618 83
283 288 499 815 23790 43
271 298 488 1275 2807 3
260 298 290 979 15108 18
287 301 349 1228 26354 5
262 266 378 771 15528 51
283 262 317 887 5313 30
257 299 480 675 10666 56
284 309 439 1366 5085 98
318 46 320 1095 506 89
313 59 361 1257 16627 74
357 46 481 907 3771 45
345 53 341 1094 8122 59
327 60 297 520 1444 57
353 55 291 408 19984 28
335 74 492 1278 17251 5
340 37 310 632 786 55
363 44 292 500 22650 29
339 40 297 357 3993 22
338 42 334 701 20611 39
82 292 394 1207 5364 95
105 328 321 715 18736 32
98 317 406 1220 9294 12
84 323 350 513 7888 91
87 307 454 1427 17475 35
112 331 365 1078 10177 71
124 300 313 694 11719 43
82 332 485 831 20791 27
85 319 405 824 10682 14
108 289 499 1244 19373 38
81 335 457 1280 10033 57
239 241 316 1122 22697 87
270 231 393 772 16769 13
232 243 498 867 26631 84
270 217 433 883 16933 50
251 232 496 812 9896 68
238 227 492 584 13695 91
271 201 384 969 3785 15
247 211 459 1405 8675 7
236 205 333 878 25453 81
229 217 295 1119 22130 43
237 203 283 391 9606 59
155 368 468 760 16917 49
146 370 337 950 6081 39
139 366 488 780 154 18
117 363 340 800 5883 65
124 366 316 467 2276 34
165 374 319 1107 2531 77
155 356 357 571 177 68
163 369 318 573 11374 32
160 382 499 1042 8859 76
157 392 485 1074 19130 43
122 388 357 1333 19546 32
386 47 333 1079 6144 96
392 36 354 832 19519 78
363 33 468 701 24149 88
354 17 364 1142 18966 66
385 31 373 1087 25560 65