23
270 128 499 844 5988 25
72 253 408 1182 13739 28
277 125 392 1176 13401 87
78 39 369 1426 18509 87
85 336 486 541 21834 41
280 232 376 1400 21768 100
290 34 296 1313 26939 90
197 299 427 873 553 23
160 217 470 905 17682 97
35 207 306 910 24168 61
233 368 414 1290 10984 89
228 81 319 1217 11089 83
238 118 470 1105 19612 66
338 198 494 533 6529 76
377 111 448 1367 20536 64
100 250 379 400 4114 95
369 253 288 733 15617 34
330 112 343 1017 18987 36
198 259 366 814 6332 74
366 388 461 1411 23833 22
172 62 342 539 3980 35
63 116 284 464 14643 66
105 48 477 516 13327 22