47
176 289 460 1340 8051 53
194 311 362 1005 16077 10
180 298 400 1161 22974 6
188 285 285 673 16753 61
171 302 282 643 17878 13
191 281 474 560 13410 99
74 326 343 510 20559 7
43 359 371 941 3769 36
62 363 402 991 17829 12
53 353 295 606 25976 90
32 373 314 570 17094 45
35 343 474 1052 5221 44
315 150 495 597 2384 59
318 117 468 626 19252 62
322 119 471 1174 16234 23
312 118 485 1271 6396 86
324 118 338 730 1318 80
318 110 288 370 13745 71
293 19 337 1047 2816 37
265 42 355 493 16648 68
309 33 464 859 20723 13
294 47 365 982 2885 75
303 56 498 577 644 25
291 21 438 926 17358 72
217 122 499 638 24360 86
243 126 378 919 12925 92
252 118 361 611 13281 38
225 106 404 940 991 72
218 150 439 504 8732 83
218 150 436 444 16478 50
34 320 325 647 6099 90
33 311 427 1002 23080 43
25 274 308 1086 24202 33
49 321 327 816 2550 13
7 276 494 724 10252 47
44 315 358 1151 22297 54
47 337 435 1186 21712 94
28 316 309 1037 9793 43
22 306 331 368 8518 40
51 333 402 406 18632 88
9 323 468 778 10033 42
28 300 400 485 8240 97
136 270 381 967 2238 89
141 283 402 582 5041 82
110 286 451 1436 24604 67
144 284 356 487 20657 73
99 255 327 558 20946 26