44
49 65 415 985 21573 72
58 67 479 1333 1861 42
61 47 408 1256 19058 62
84 54 345 621 8845 20
319 168 309 771 21237 75
345 134 303 1384 18124 3
337 154 356 593 3077 16
337 184 468 1132 13067 49
303 238 290 1069 13468 1
310 235 381 701 23881 40
290 243 351 544 19668 26
313 247 285 1074 26734 62
93 158 413 618 14010 9
89 151 282 812 18172 35
83 184 333 1435 9001 19
84 147 366 659 8146 47
267 301 398 1304 3128 76
253 333 444 743 17293 82
273 347 406 1408 16453 65
260 317 435 871 5035 73
294 213 326 601 1322 72
335 214 332 1084 1523 67
322 225 457 1208 24614 32
325 196 438 442 14124 5
105 104 437 1100 16669 67
147 91 333 886 12844 90
134 137 336 960 14750 17
112 132 379 854 21469 99
327 180 458 827 16043 29
296 173 385 1161 14173 22
307 163 462 988 2539 25
303 159 407 554 15997 69
109 62 318 1153 3226 41
113 42 371 946 3624 62
132 46 449 1336 13098 93
111 32 418 698 6145 43
259 170 286 1002 14219 17
280 178 359 1349 3242 81
257 174 406 771 14790 39
241 152 389 1073 26507 62
337 230 469 1074 26227 23
339 232 311 1041 5757 94
322 251 328 614 16887 16
319 231 386 1303 23839 28