196
374 224 428 736 26525 6
356 187 301 483 9714 24
373 231 407 676 22356 34
358 203 427 1282 12257 62
364 233 446 857 10230 70
369 193 337 1270 11215 30
374 194 458 737 14572 29
376 212 295 612 26128 28
378 199 411 1139 7906 65
347 234 379 672 12328 69
360 188 475 485 17970 2
356 219 292 906 22393 17
365 75 407 628 1713 45
336 77 429 622 10000 74
375 69 415 944 10152 88
345 89 491 588 23411 48
351 101 314 1061 26331 80
354 90 372 1041 518 29
332 90 478 1427 9052 92
340 90 456 694 5134 2
356 99 365 1158 7211 36
347 99 334 665 15330 42
355 70 335 409 2992 12
377 63 331 682 25544 1
51 105 313 356 17320 19
34 86 286 1159 15200 48
30 92 315 1007 21829 18
17 126 345 900 2437 98
17 87 346 1387 15726 16
26 101 304 605 5528 10
19 109 294 957 11737 73
15 114 406 714 2135 81
45 124 328 362 15087 6
37 97 285 648 21086 92
27 78 429 1389 5793 6
52 84 408 1161 8911 55
319 227 303 641 8069 33
310 236 415 454 13743 31
323 254 294 1210 24938 39
295 227 352 931 27114 3
324 259 414 589 21441 30
288 242 420 1104 25166 14
287 219 391 906 17306 68
296 218 297 1100 19458 34
297 261 408 771 973 64
331 224 363 776 16866 61
314 252 402 957 25749 57
314 239 346 428 9368 34
228 40 463 725 12568 66
215 22 419 1233 14996 19
186 19 495 734 837 62
224 9 389 596 7799 85
210 21 381 765 25864 26
197 4 487 903 24110 68
201 50 497 1416 13413 52
201 36 320 1310 24347 25
231 6 367 1184 21711 71
216 26 336 1237 16209 85
211 42 418 1377 22370 2
207 30 383 512 1864 54
244 389 416 1407 1665 65
239 374 385 1213 24658 39
219 356 382 1436 24338 61
259 345 419 918 14958 46
232 357 408 1350 21367 80
235 360 488 498 3478 38
241 375 436 869 15774 42
246 389 397 1212 23947 91
237 370 428 1255 5057 96
254 388 472 511 7216 32
232 383 300 607 12917 38
252 356 419 1098 19846 19
104 217 289 739 21048 37
76 205 436 734 7369 29
87 211 420 1011 1667 30
89 197 475 1009 14753 57
116 213 282 694 16651 76
94 193 304 623 2183 65
107 218 375 1356 4039 28
78 218 408 653 20758 66
115 192 409 743 25888 77
121 202 466 624 454 28
100 191 337 365 17518 40
80 187 302 834 16520 52
347 89 404 583 11473 12
354 70 351 483 19714 10
310 66 438 1040 22104 20
333 85 283 716 16397 76
313 85 412 494 19963 24
346 44 401 1358 21783 59
336 50 350 412 10651 21
353 51 326 587 2292 10
317 72 348 425 19745 85
356 47 282 843 13884 87
310 79 290 1009 13127 39
330 54 395 774 9882 97
184 38 300 1082 9871 76
206 44 393 725 13926 67
161 60 374 1202 15559 25
205 56 365 1069 25311 79
196 46 314 651 20191 45
179 58 314 873 13540 19
167 56 302 310 2361 43
159 34 475 901 8493 46
183 28 282 978 20229 59
191 38 426 1024 2613 18
200 34 379 1349 9939 2
181 49 471 950 23024 16
155 170 436 1274 5244 89
148 135 378 1053 7536 55
113 176 392 1289 26035 3
116 153 298 945 17861 50
134 160 307 489 21373 63
122 140 288 951 26704 19
116 175 309 1316 15166 23
143 158 306 1350 9308 2
157 160 412 1336 12648 86
128 153 306 777 16982 56
152 148 378 449 1077 22
144 167 464 961 564 7
67 153 467 1134 12988 57
99 163 367 1032 26963 4
76 143 324 1319 11233 15
80 126 500 604 8145 37
93 135 416 608 3165 17
84 131 323 352 20253 36
99 123 363 1364 13078 85
78 144 385 699 11152 18
87 158 360 526 14958 31
86 147 471 918 23482 98
54 162 448 601 2846 58
78 140 307 1166 25875 94
37 255 489 928 25542 58
71 275 311 1118 11774 7
21 287 480 1083 2427 4
37 262 445 1161 5738 48
40 289 422 1061 10308 97
45 258 446 1236 8931 55
65 267 406 858 26191 36
34 289 491 838 17760 68
54 267 297 979 17864 32
33 290 288 356 11015 65
64 283 459 1411 23467 7
25 284 342 805 7713 20
196 349 332 1383 24806 65
164 345 413 1083 6748 22
155 320 321 1252 24351 23
166 352 395 1380 23708 37
167 348 353 1338 13922 81
167 348 396 738 19040 96
190 315 406 882 20361 84
153 338 476 866 1383 89
162 362 396 558 6419 18
171 351 308 924 3425 49
156 345 384 1219 25689 99
166 332 283 1313 25803 92
292 229 369 1015 20266 48
260 229 354 854 3234 11
267 211 485 770 1845 43
285 212 359 1090 9872 42
260 199 468 742 13459 38
258 220 354 1051 11266 3
289 217 283 1147 21030 61
272 209 330 1277 24814 39
278 209 352 686 6856 8
303 222 427 1395 20134 35
304 202 285 495 16181 20
286 212 469 1147 18644 64
342 241 329 416 19375 90
294 246 419 421 11489 76
303 256 288 389 19283 32
336 226 496 735 26832 36
311 264 382 513 19047 23
330 236 318 1415 19547 71
313 257 449 1054 22344 0
306 239 436 478 12151 84
298 262 351 1394 717 34
316 254 432 689 7622 4
319 259 284 1187 2949 70
331 251 478 844 27038 90
326 234 301 1198 22834 74
335 253 299 1043 17231 94
328 218 454 1393 24391 19
325 262 472 989 18157 83
338 221 358 1211 18492 25
326 243 341 1204 3644 40
364 265 465 483 24031 23
349 253 420 697 18523 9
341 223 452 1150 16324 62
323 235 400 1154 23461 82
359 260 496 1101 79 19
350 252 369 1196 16266 25
337 91 476 605 19339 96
290 101 412 611 9675 78
305 117 456 1041 10836 21
298 125 418 1428 480 13