47
252 239 476 1135 9984 37
226 223 500 1074 4377 49
241 255 443 604 3878 31
262 250 287 1055 24351 4
252 219 346 977 17164 35
239 239 376 1001 10105 64
202 207 302 913 3927 81
206 215 301 440 22713 70
158 215 356 1320 7312 83
194 224 351 429 16299 44
196 213 388 886 25118 20
157 238 291 864 16878 6
209 183 289 616 2426 65
215 166 350 959 22076 89
207 177 485 887 18783 24
217 202 478 613 10527 6
207 162 386 975 20649 58
224 201 352 1297 9910 19
71 340 500 1166 5185 77
99 342 397 1403 20542 52
61 305 326 837 6967 4
93 309 436 932 14887 73
100 306 338 528 2922 3
72 332 412 1174 22678 42
30 192 348 393 492 68
21 185 387 674 536 56
50 204 361 1369 2681 57
7 187 408 1057 23459 9
23 187 481 576 21058 84
49 193 491 1314 21761 70
102 103 485 1298 12310 6
105 76 487 954 20554 31
83 113 426 455 13959 53
96 83 383 1225 1093 55
104 97 398 472 5305 86
109 102 423 839 22275 42
122 326 289 737 1871 75
167 326 441 750 7942 61
157 331 500 935 26544 59
155 347 499 699 2187 73
144 332 495 930 22353 64
144 339 370 577 5490 79
273 47 313 665 7614 40
240 38 346 861 24791 61
264 79 430 913 15470 33
261 78 470 629 5060 85
256 72 472 571 14820 21