157
327 290 364 387 27174 60
345 290 296 763 15568 10
347 283 345 664 20138 5
324 276 297 1225 21846 25
338 277 297 856 8525 87
329 294 373 1350 11611 46
343 279 370 644 3446 33
341 291 317 639 24939 88
336 271 435 438 21648 57
31 127 311 699 10169 33
66 104 427 1136 1363 1
62 98 380 1198 3131 94
55 128 332 441 7458 36
57 103 411 650 23110 93
33 130 316 677 12873 99
38 98 459 1388 18604 51
53 125 319 1307 23321 99
47 136 431 1131 9627 22
214 340 306 734 17639 68
188 336 337 839 11667 54
184 337 436 821 21842 25
192 321 437 1335 26564 43
184 350 439 1202 13075 6
197 337 444 840 8039 35
176 351 457 761 1654 72
203 334 437 1417 5658 53
195 362 464 515 11971 57
43 127 477 983 6332 49
85 174 295 1392 9219 20
86 131 392 1388 23023 69
80 166 298 822 23696 37
64 140 303 837 9438 74
68 138 368 884 5250 76
79 161 385 838 9449 55
42 168 469 1361 10940 11
42 167 368 871 4551 55
279 264 315 715 5135 99
257 270 306 989 2019 49
259 251 482 935 9726 80
247 268 445 521 11340 72
290 262 294 1234 7110 96
249 265 378 1129 2869 36
246 263 294 1028 19855 0
267 242 443 630 24706 26
282 235 486 733 5987 35
85 308 377 975 20000 68
106 328 406 678 13507 74
119 313 283 1004 18818 16
113 345 371 398 11462 25
117 341 304 414 3387 69
94 335 337 959 9038 74
95 332 329 875 26481 20
96 344 338 1400 7946 5
112 327 318 528 15821 67
248 342 424 1174 5920 19
233 340 290 385 8701 25
263 369 460 686 18329 50
255 382 298 1381 2362 87
236 380 442 1144 6247 52
235 334 311 809 10209 17
282 376 452 930 11912 8
280 377 383 1231 8003 94
244 349 306 1238 10839 62
50 317 488 658 1725 53
70 309 330 512 21050 86
87 300 387 797 13056 15
75 301 364 481 12978 41
66 330 385 1233 19609 22
84 309 405 1011 17011 21
97 315 480 484 12219 46
80 310 296 1228 13759 33
54 291 339 1289 791 57
269 293 437 1164 10038 100
259 286 476 504 14281 38
254 255 462 899 6376 65
245 271 495 878 4772 50
243 267 385 1321 4667 1
251 283 487 720 23591 81
273 267 404 519 20729 46
244 262 383 638 20549 32
271 267 312 517 17727 88
105 174 365 1104 18128 61
88 157 333 1199 979 4
111 170 473 814 22907 42
92 173 451 533 3219 48
109 140 438 588 96 26
67 174 461 1169 6831 57
69 179 322 1402 17201 96
63 154 440 1434 23247 81
99 158 413 936 26501 60
47 80 376 1042 24984 44
17 68 312 858 5428 9
17 86 375 928 26081 42
47 110 442 1339 14133 49
63 118 480 1333 3992 44
48 101 456 1044 25699 20
55 95 464 725 12823 5
26 114 311 1276 17116 89
21 107 402 703 3913 3
188 338 288 534 6416 95
200 329 497 918 8980 30
197 333 284 710 4701 20
214 341 382 840 1980 8
180 335 369 732 4979 62
184 331 484 1275 26007 26
194 318 388 1303 21925 86
187 337 284 298 19968 4
201 350 500 712 4454 27
312 37 499 1326 21654 6
325 50 338 1271 844 28
321 47 300 677 18294 95
325 59 303 1222 6333 71
312 38 452 926 3283 46
308 35 422 433 24839 46
311 62 439 871 5420 61
331 49 493 1131 10049 79
334 38 335 845 23443 23
182 331 497 1251 6857 85
182 343 430 438 6216 85
193 309 343 878 3408 43
197 324 340 912 15486 76
151 334 477 691 526 69
169 339 398 1224 22918 26
161 296 348 1186 21948 60
192 335 312 537 25366 57
187 316 434 881 4240 63
89 101 400 1351 23547 39
95 94 438 881 19924 92
116 96 476 1145 609 32
75 88 423 1088 3532 9
119 123 367 1375 5859 44
87 123 446 1312 8978 45
93 105 400 1391 2812 58
83 112 373 927 23874 40
105 120 338 792 24121 11
159 292 432 962 6515 35
137 269 330 1352 12974 96
163 249 324 1398 14097 29
173 265 400 1313 11452 46
169 257 329 742 7492 89
152 252 349 358 25173 24
174 253 405 842 23982 48
151 273 416 1201 18795 60
140 267 288 602 4712 72
216 353 327 1024 5593 15
217 339 394 737 18614 40
233 350 332 994 21329 56
233 342 418 959 8852 61
230 329 298 741 24304 33
230 363 388 1227 1959 92
235 327 323 1217 3716 18
201 364 393 985 14170 12
189 335 424 524 9275 47
311 340 485 1395 16181 90
302 357 293 1025 25316 14
318 318 431 1184 19343 92
291 339 347 488 5207 52