200
274 285 661 1026 11242 44
364 200 1358 1363 21319 64
8 154 1247 1291 16806 62
293 323 732 1073 20259 621
261 265 674 1021 22757 239
390 111 504 1117 21651 665
65 285 1419 1424 13860 9
268 387 885 1029 11594 170
291 146 605 671 4293 84
374 369 28 1102 13140 1100
229 75 1051 1128 21735 140
8 63 70 74 11383 1256
80 121 874 1146 4788 284
212 103 386 1006 14432 205
79 393 569 683 14158 399
207 39 1405 1423 20915 16
360 398 441 802 9835 172
71 81 721 869 11044 225
0 205 853 1268 19259 212
92 130 541 1268 19981 691
83 384 975 1131 12258 423
168 304 573 1019 6183 206
285 245 575 1174 19321 680
15 238 1429 1429 26224 11
170 124 1295 1363 25856 27
11 126 600 1288 2048 733
226 106 1322 1336 15005 54
342 352 367 662 25700 1058
201 263 1030 1193 16079 212
329 284 566 1063 15155 599
115 242 664 1125 3579 7
146 59 935 1127 11153 268
315 152 158 969 3383 208
350 252 195 1268 7183 746
311 141 218 676 11477 381
308 388 621 708 5909 760
237 85 1291 1329 1600 130
234 17 779 1101 25531 392
389 209 749 846 22693 679
139 276 414 1069 14634 219
48 124 231 1175 8947 1191
22 256 1391 1420 3429 24
164 179 119 490 336 366
148 181 1066 1422 4786 164
115 49 326 697 24750 174
251 256 926 1145 26213 239
155 214 1033 1430 20534 70
135 295 1289 1323 5349 64
83 384 356 1086 13219 476
93 292 1386 1388 6202 53
384 45 281 757 10090 859
2 154 133 1100 9718 917
316 85 486 969 19561 151
390 120 791 1328 21700 367
318 131 328 920 6091 889
316 274 811 1183 9311 395
25 90 743 891 4363 455
279 277 94 647 18471 801
12 30 980 1041 6907 69
212 263 487 1256 9611 849
40 82 1347 1393 23057 77
0 355 509 659 26756 544
69 298 811 1422 22236 1
162 5 365 545 3315 728
335 155 367 824 1710 719
145 337 1390 1395 2310 25
101 113 128 431 13806 282
71 143 191 960 22671 1148
294 342 843 1189 16434 151
399 195 879 1374 2195 291
76 110 735 751 25962 322
385 230 374 1307 1949 340
126 334 1329 1363 179 101
314 145 693 1173 20708 423
220 280 1317 1323 25805 84
309 27 208 267 13749 316
96 198 698 702 8953 268
260 242 333 502 3414 980
77 162 1423 1440 10140 3
248 221 1112 1381 18214 143
4 212 704 1119 6903 60
162 51 315 1150 6841 649
232 79 19 983 1724 448
75 369 1338 1431 22920 43
65 363 152 1349 4439 581
137 155 123 1199 6570 345
82 120 1408 1422 5123 12
172 292 1132 1364 23563 148
263 117 740 917 21539 313
37 188 493 824 1998 712
338 75 1029 1341 5256 112
308 223 321 571 8840 1064
163 392 1194 1271 20297 64
140 192 457 724 15268 789
389 160 731 800 8143 183
263 192 810 1152 11313 364
327 13 422 477 25931 755
11 127 175 431 21442 179
37 137 401 1083 794 432
225 361 938 1368 12180 45
29 163 839 943 12805 44
69 325 1123 1440 21277 299
280 150 659 712 13843 58
116 242 397 650 8960 1033
272 18 1028 1233 12155 189
54 46 736 767 17835 195
132 97 150 306 2917 583
326 152 1323 1410 17558 44
348 230 790 1347 14052 412
46 199 396 619 15038 676
30 93 222 729 25738 606
302 399 1037 1209 14359 85
352 378 288 1084 25948 157
220 307 1337 1432 7034 90
294 289 1264 1324 6580 174
336 200 638 961 5160 693
315 369 401 659 21189 727
357 2 508 1214 4570 315
304 235 895 1109 12412 205
162 352 436 886 23046 673
116 307 1319 1427 12566 11
299 189 359 1268 5532 492
199 177 74 409 14304 1349
191 198 1145 1312 17451 129
280 291 718 883 15355 427
102 19 844 882 16942 316
121 35 1054 1143 7345 54
137 76 123 1096 2737 533
209 322 1405 1408 3380 26
75 294 910 1025 20027 497
204 229 280 1154 15584 940
117 54 774 1066 25646 496
173 270 134 203 8533 76
139 96 1088 1108 14835 98
154 335 1200 1206 20196 203
212 382 185 262 2376 335
150 397 967 1434 16658 219
87 4 247 1351 251 388
49 152 46 117 18662 1157
391 352 1253 1283 2738 148
12 205 107 734 23566 1060
6 204 544 702 14184 71
84 163 618 753 5018 442
131 383 590 1257 12624 709
201 281 1419 1422 19490 21
184 143 779 1270 18529 209
316 63 392 653 4001 88
217 182 409 586 26992 959
110 207 1220 1232 19107 32
155 171 990 1418 6891 66
291 93 335 667 9970 606
366 181 563 979 19354 428
352 124 394 604 656 376
254 139 122 1375 7207 1057
79 134 252 348 10775 64
387 65 211 937 7497 210
204 160 135 354 752 255
191 70 16 129 4079 869
24 189 212 1087 13248 430
88 32 943 1146 24877 134
331 38 972 1140 16699 276
319 86 1086 1319 1378 89
224 339 1417 1420 3871 9
385 177 1424 1435 3164 13
173 113 521 1278 11706 125
262 282 320 523 15711 542
182 70 698 1377 25157 409
180 245 1082 1086 22936 227
193 53 1068 1227 26266 40
146 245 811 1306 19770 127
334 234 1314 1320 7613 89
377 377 229 915 23799 1109
350 325 495 746 26599 107
46 296 4 610 11190 183
318 259 271 1078 23597 149
142 35 1022 1331 26987 262
288 298 162 315 21030 706
238 27 1015 1331 2886 338
92 317 1371 1390 21000 2
62 183 248 684 16413 1156
316 352 823 936 21422 205
125 339 929 1067 12212 319
274 279 425 1141 24270 790
330 31 22 1122 3239 248
68 268 856 960 20245 527
35 104 168 601 16771 71
195 191 272 557 11468 714
400 277 614 1205 4906 803
51 94 605 1042 10382 767
292 149 578 1141 4794 295
371 223 1398 1425 21065 8
309 4 106 1056 26667 1032
63 57 1404 1407 24214 4
311 400 460 1112 6569 265
105 270 1388 1414 5523 12
379 300 737 1017 21672 679
84 16 1424 1435 65 10
91 278 833 1369 7574 289
61 91 284 321 17645 774
94 265 1117 1433 18474 245