60
253 254 1318 1330 21560 17
117 38 296 1285 10061 627
262 299 996 1296 9447 191
363 343 384 1116 24023 671
136 278 464 488 12354 492
93 64 959 1405 5138 271
237 237 303 887 17182 930
279 333 667 738 12917 772
215 250 168 647 909 271
1 202 1172 1254 1506 260
40 208 102 997 10621 1077
46 376 1025 1129 11426 343
147 56 1195 1323 24193 84
76 278 942 1230 4193 155
145 394 611 1164 6270 223
171 300 632 1149 25984 460
379 277 112 1324 18358 8
302 65 410 1006 12375 569
79 85 95 1236 1991 1118
66 284 279 1107 253 225
357 300 858 934 24643 582
191 193 1421 1429 26833 10
76 193 336 1407 26678 870
36 76 727 817 13170 93
326 291 212 1007 2390 831
378 86 1025 1413 26232 90
93 150 1350 1399 1237 90
24 282 336 1382 7016 182
205 233 687 1341 17824 200
148 103 444 1044 24555 220
213 302 1046 1159 18572 167
206 333 707 1365 26971 272
230 88 1160 1169 25211 205
157 258 778 1003 20524 121
320 53 377 676 10434 544
212 268 777 912 8148 465
23 118 153 679 7603 221
380 199 899 1133 22250 263
241 57 1418 1420 23666 4
388 375 905 915 7170 133
329 222 703 1151 16163 376
29 45 1297 1390 2707 114
265 77 21 42 18610 1200
308 360 863 1002 699 239
396 198 1099 1275 4913 225
127 237 496 1044 26644 935
367 69 411 413 1018 50
40 76 535 1012 14057 196
4 121 1389 1419 10333 16
224 196 85 1331 26324 1074
61 24 422 545 9474 116
122 2 641 1077 4743 603
100 16 876 1338 19242 407
203 269 279 1257 6539 280
138 61 220 781 2337 531
104 382 1178 1339 20372 158
369 189 293 1221 10452 923
359 46 1274 1288 24808 57
148 348 1349 1382 13421 10
299 16 21 206 11487 518