25
82 297 316 1314 6601 321
225 116 539 1295 3917 62
345 345 1020 1089 26613 345
381 152 995 1344 9881 82
292 151 691 888 3448 121
264 60 634 665 22951 323
91 351 803 1375 26128 173
104 31 100 1159 9602 437
117 256 1007 1047 26105 37
276 321 247 538 26690 736
356 375 271 719 15875 837
367 364 656 1212 4687 783
249 84 93 543 23561 162
71 335 70 931 3432 641
161 237 466 1399 8869 936
398 190 1429 1432 24953 11
83 316 614 1303 25540 221
341 345 653 1217 9511 228
9 315 603 1024 2661 712
372 173 1153 1330 19325 159
237 386 984 1188 11963 336
46 375 822 934 26952 537
235 14 240 1277 16015 292
313 28 1064 1412 13596 195
31 135 66 930 12452 1