200
134 170 555 1376 16494 604
83 90 660 746 15642 346
36 144 215 1108 2440 14
186 94 473 1231 11337 882
79 354 724 1289 1730 198
54 92 660 1264 8047 257
329 178 721 1397 23657 640
317 384 733 890 5946 423
110 197 1005 1318 24879 251
110 118 923 1268 17224 209
272 179 1201 1329 1050 188
125 306 471 1400 21699 910
213 257 208 893 8773 963
11 87 1140 1302 12038 299
26 365 894 1005 7624 535
297 184 930 1175 26345 151
120 178 627 749 23791 763
158 191 286 1348 21264 676
31 318 960 1251 19514 261
278 178 436 802 19114 239
107 329 718 1409 25566 491
109 350 494 852 21856 729
2 110 907 1347 11631 30
196 285 357 1147 19025 721
165 322 667 723 21620 763
285 150 554 1233 9241 658
216 247 838 1270 10357 539
208 98 515 742 23883 136
369 379 399 1362 26347 902
226 231 1175 1368 515 151
374 351 85 1342 1991 794
194 188 195 312 26592 1009
10 203 931 1284 10631 293
241 358 1184 1353 15473 206
115 30 1139 1219 15870 20
169 355 410 559 9919 938
364 167 929 1342 25728 67
222 1 147 1100 11233 756
321 199 847 912 18678 225
330 134 133 1415 8648 1022
69 29 1054 1136 15842 213
90 328 1013 1280 6378 208
23 330 210 977 13774 443
264 15 437 714 7816 739
158 117 899 946 13003 149
61 27 857 1043 7620 174
68 110 327 1041 25178 502
13 315 969 1292 12497 439
174 387 1404 1408 20344 35
193 347 251 1206 5474 78
5 229 1178 1194 17518 203
309 3 930 1021 1775 71
209 324 32 795 8353 753
162 312 98 1341 17488 573
307 180 855 895 15416 212
158 13 871 983 15414 517
236 71 181 1157 9221 469
64 345 1075 1296 20200 226
167 242 305 640 26947 767
98 242 997 1270 19520 211
317 16 596 1205 1102 46
32 283 600 1114 2817 480
387 271 343 689 22324 732
61 322 611 1410 16447 801
399 327 1238 1321 9565 200
348 235 171 1097 8887 319
272 373 862 1016 9893 574
43 26 245 586 4964 1022
219 254 520 1061 19178 688
333 242 279 628 3621 730
375 159 464 1328 8087 369
59 330 991 1110 23867 192
37 247 1155 1347 3983 101
133 303 281 920 17350 513
229 59 400 704 11846 1019
161 284 1280 1385 18225 150
130 2 110 247 13256 1067
386 78 1174 1379 3 75
366 179 664 1269 21504 321
364 168 818 1249 17855 398
1 50 1329 1350 6618 61
322 73 733 1140 15577 611
321 231 192 889 23002 874
126 32 285 645 23959 1141
179 301 1393 1425 17621 4
105 83 411 526 4590 263
387 1 1267 1275 22944 52
105 72 1363 1374 15908 45
246 89 147 1366 22885 1000
275 328 43 958 2834 595
48 250 587 1228 17163 34
113 180 1260 1356 273 171
137 188 30 342 15837 431
219 316 901 1388 24205 245
375 357 953 1105 25190 272
83 175 319 1213 15387 1038
5 179 545 874 11877 458
334 265 639 794 1399 746
132 365 1118 1253 3100 271
179 7 1054 1396 2512 161
56 35 82 626 980 6
308 47 872 1284 16942 300
319 98 1422 1431 2769 10
335 243 494 859 21745 734
113 210 1079 1268 17343 207
57 319 976 1360 10059 16
116 283 172 990 15924 794
147 316 1101 1384 7900 135
112 294 676 768 15184 78
385 333 553 1109 3052 200
76 134 559 793 16447 174
360 274 1096 1425 9468 65
122 289 533 909 7083 42
56 191 959 1439 5182 80
28 84 236 880 18371 442
334 77 323 903 10448 572
24 228 170 791 20111 478
277 328 906 1018 9203 467
59 35 712 1159 21122 416
346 181 655 1269 149 630
179 134 1323 1368 18541 100
164 133 164 534 23169 100
299 319 283 814 17695 249
15 64 151 383 1242 907
235 294 714 1030 23508 316
378 399 1087 1140 15608 210
275 89 166 763 89 867
164 233 1200 1285 5373 208
332 375 382 391 6922 14
330 27 1095 1183 484 93
163 96 1280 1406 15170 123
345 299 39 353 10055 340
330 346 487 1414 10810 234
378 41 1286 1415 24783 154
121 367 658 1055 16091 277
285 81 608 1000 180 647
83 283 1112 1268 7271 174
7 385 995 1057 12893 333
97 184 434 793 9419 842
160 230 125 963 567 1178
225 388 589 658 20225 245
302 252 177 1132 25943 343
194 272 379 944 6007 371
328 280 636 659 20635 706
285 257 407 1160 20995 776
160 137 941 1026 18558 174
286 123 1057 1362 17173 189
220 97 853 1121 20304 179
89 246 1204 1388 7346 81
374 51 103 1087 4072 239
40 215 281 922 8433 366
126 214 137 308 11064 1027
303 350 56 1198 3182 1066
80 60 516 547 25688 787
161 231 1425 1436 20749 2
344 28 49 1238 25873 926
312 108 1387 1398 21156 52
13 175 868 897 11100 445
142 1 663 1171 6844 499
382 318 731 1150 15957 42
31 355 467 861 8768 468
176 187 204 633 10917 709
145 329 1438 1440 15703 2
160 393 1017 1420 7756 247
223 259 394 916 1030 466
278 26 1222 1247 26465 166
118 93 1058 1092 4116 15
332 88 282 470 16774 386
321 341 243 656 15189 167
328 292 817 916 15920 535
252 219 13 1260 12342 332
332 213 354 823 2337 977
378 171 1399 1418 19752 7
384 44 658 1213 17320 508
253 30 967 1034 4627 108
394 334 98 1157 1370 528
178 210 107 1120 5647 1316
373 204 883 907 508 527
194 268 713 1185 24582 182
295 269 1130 1322 5527 287
372 308 1252 1402 25348 122
66 346 594 874 825 114
321 7 632 706 6397 484
192 2 273 710 11054 286
277 158 247 687 2525 359
55 287 913 937 22409 476
292 27 210 1088 991 770
139 166 246 997 14270 109
368 33 178 281 24373 146
29 383 206 986 13724 1055
313 329 673 1082 11846 661
332 83 7 1305 26749 380
85 167 795 1073 2028 390
197 94 145 1021 3561 439
311 142 99 561 8043 425
31 373 2 1014 21215 480
386 347 1091 1355 9036 176
197 145 362 1114 12549 921
399 212 659 993 25666 129
114 0 878 909 14167 476