25
172 322 308 711 26063 314
322 284 1221 1373 10798 18
282 362 413 811 5085 108
197 134 1162 1347 26494 144
41 94 273 952 327 93
358 347 694 1389 5361 287
112 139 267 519 6344 231
132 203 800 1397 522 526
62 145 911 936 4267 19
72 392 631 1234 27143 504
144 167 1322 1370 12157 96
92 75 1068 1208 9455 37
86 209 181 1337 10418 885
47 395 927 1137 26537 422
337 375 1338 1365 5058 54
335 325 138 239 10159 600
86 70 557 677 25650 760
265 276 1369 1422 22619 43
320 356 899 1306 8917 433
223 343 298 491 16185 143
287 280 824 1284 12765 84
23 280 1058 1200 4602 1
122 249 760 1123 20459 13
277 11 875 1003 15994 77
234 273 564 929 20768 569