60
334 327 208 913 18595 583
207 183 210 1032 20350 991
210 49 123 1402 5122 159
385 261 1103 1225 25030 114
119 287 638 1405 25312 63
145 36 1153 1268 25580 183
40 126 586 877 22161 513
208 366 44 1133 3425 264
120 311 501 574 15536 548
244 382 161 320 11725 930
270 25 996 1173 18106 158
84 349 801 974 5941 318
127 22 18 822 12348 1184
80 364 1198 1359 25226 152
124 237 86 1156 11079 1249
10 364 758 1292 16179 147
135 135 73 213 9099 911
87 165 1144 1304 26328 188
363 110 661 954 16077 26
201 111 800 1210 2058 408
284 39 1100 1148 6656 313
168 27 328 861 2457 377
271 154 980 1023 9248 341
221 261 170 546 7813 745
256 77 1125 1210 23569 291
84 248 822 1317 9956 168
155 113 897 1291 23774 370
142 92 599 1023 8212 830
275 255 795 1269 11864 130
17 158 21 1190 14363 567
297 264 1094 1133 15782 157
133 94 468 881 23603 833
160 331 601 1391 5262 645
264 391 294 333 14788 505
256 268 64 1233 7421 11
16 322 983 1131 13490 171
342 400 264 889 4265 190
182 230 714 1142 11957 297
132 94 880 971 14645 101
152 16 1024 1253 8508 331
370 269 69 1350 11966 733
32 40 737 916 11052 78
378 233 1427 1433 17500 2
359 17 1221 1377 4407 171
191 121 1095 1130 17270 24
23 197 928 1084 7191 46
123 238 30 1199 23655 216
391 222 1037 1349 3087 32
337 237 614 992 1404 406
21 355 93 1090 7781 1206
346 279 116 725 23421 896
261 125 1432 1437 22096 6
274 284 648 1329 7926 196
274 315 1438 1439 10510 1
19 245 333 999 3760 85
79 340 1014 1104 23694 13
350 313 1427 1432 460 11
200 180 97 183 3424 591
197 326 1126 1406 23676 254
160 94 746 820 1945 599