25
80 74 985 1269 4154 100
276 387 164 171 8821 237
180 327 309 369 14317 407
158 354 581 860 3215 804
141 205 1372 1387 15164 26
326 208 601 958 11011 795
31 56 1043 1224 854 214
282 289 486 964 1439 1
261 356 155 960 18268 757
274 301 1361 1413 6602 23
124 182 384 632 26426 326
47 288 1015 1218 19272 203
5 142 1061 1376 10189 340
182 253 1294 1364 6760 86
300 158 848 897 21826 213
339 382 318 1162 14146 510
210 41 62 702 2698 557
29 239 341 1073 4498 80
287 219 339 769 16400 938
314 83 1235 1253 17908 113
358 22 448 904 21462 338
195 136 166 1152 5924 804
118 203 413 1365 17946 938
239 8 508 1403 8137 35
263 19 1299 1440 14128 23