200
274 161 1406 1437 21748 8
79 271 1210 1432 5869 80
203 351 997 1267 9629 51
87 7 1187 1430 19509 120
82 132 1325 1396 4430 101
90 66 985 1070 24491 430
327 226 66 479 21194 677
236 233 895 1093 23894 404
197 258 601 1139 16538 224
306 311 698 1149 21479 68
181 78 1222 1292 11613 201
125 169 947 1403 23227 142
172 128 196 1322 10261 40
78 367 1282 1437 5194 149
158 387 596 856 7314 628
39 130 507 601 13284 66
389 71 168 1228 10156 550
233 149 1265 1350 1280 17
151 105 979 989 5970 3
46 398 711 1189 23519 646
122 334 586 1057 12917 522
140 111 1004 1128 2197 3
73 371 389 1434 4470 577
208 324 74 1313 23459 1072
127 20 907 1341 19261 294
246 171 1420 1425 0 10
170 0 266 860 6052 1079
123 197 304 932 5501 442
324 46 879 1387 601 121
75 355 24 1252 22248 658
42 86 725 1154 17036 638
12 216 906 918 4035 64
177 79 1125 1187 3455 298
256 338 832 1108 10284 90
42 315 1031 1424 2457 75
308 326 436 1256 12625 414
59 26 180 465 15459 148
73 76 1134 1344 3208 81
388 269 1345 1381 236 22
329 330 1045 1062 17258 237
315 322 1057 1198 12643 170
300 260 1237 1334 26281 127
280 38 1088 1354 7644 300
353 119 998 1284 26126 332
241 23 319 1376 3089 374
88 274 436 702 26063 424
33 380 464 693 705 482
202 262 1206 1212 8955 4
47 238 1371 1428 5314 23
191 219 1372 1414 7320 16
387 147 969 1252 13125 178
159 267 1074 1375 10573 128
328 117 1073 1263 25809 162
374 208 781 1083 16789 103
326 12 987 1172 11115 90
135 172 957 1101 17251 237
313 44 907 966 25531 340
201 271 327 926 1000 143
198 400 1318 1372 2623 121
95 157 1272 1370 21251 63
36 28 625 1140 5498 164
210 80 986 1431 13826 294
227 242 1083 1125 8422 262
232 142 639 1058 12977 480
356 113 1400 1424 529 31
305 128 864 1247 9081 562
200 163 105 867 4866 204
84 197 328 521 5929 1004
6 280 1113 1371 17774 69
61 333 910 997 4313 143
342 200 401 703 17009 33
208 187 330 768 13793 442
71 131 1108 1337 26049 22
264 246 466 1071 11090 857
319 189 735 1259 5166 314
267 240 954 1107 23648 18
180 320 892 1297 9096 432
318 98 479 1022 25807 842
215 283 42 320 20050 1282
256 133 568 1427 16528 654
26 156 1369 1409 2198 18
180 384 1156 1278 18717 121
230 9 1025 1436 22547 413
345 92 1028 1300 6791 25
61 248 198 691 3481 270
200 121 835 1029 7740 131
124 397 330 1337 5054 284
227 366 1052 1057 11816 43
346 292 1101 1160 5896 162
177 326 1370 1439 16497 1
149 193 900 1415 2452 66
274 72 864 1051 5467 543
41 316 951 1373 4763 117
292 91 772 1413 395 20
315 230 476 565 6212 116
117 111 280 853 8653 205
128 153 1283 1385 23866 142
211 50 56 676 21789 115
236 160 813 1049 9204 99
349 264 574 1203 26975 678
4 305 1284 1334 5705 137
19 96 781 1126 23910 221
393 101 1189 1402 6082 69
74 12 1044 1336 2293 362
147 51 1125 1157 17519 297
116 200 829 910 22549 63
342 317 465 1156 5295 225
156 138 66 262 7058 361
92 16 788 1132 26604 613
21 72 16 554 8255 955
352 182 376 827 10704 488
113 62 322 453 4693 623
333 264 394 510 11385 603
94 313 412 857 20635 909
80 295 128 231 21468 559
19 144 653 1170 17257 58
147 204 629 738 1719 627
83 196 710 1115 19140 373
366 246 42 745 2726 258
389 398 320 543 16667 1055
351 232 936 1075 19513 465
20 96 646 730 13217 596
347 259 1229 1434 1068 136
356 391 1386 1401 3426 21
54 399 776 981 10016 253
123 126 1031 1175 6977 40
200 36 165 1045 9159 696
381 111 799 1297 11458 471
337 76 22 485 1731 608
166 79 1202 1246 18613 103
256 208 268 783 2659 356
48 191 1401 1403 24177 16
270 365 994 1145 1130 30
76 328 835 1163 7320 454
51 264 1430 1437 12979 1
150 247 425 1188 23175 777
322 370 801 1334 3074 151
10 392 79 185 13959 642
250 328 117 319 7214 848
345 290 898 1235 10716 340
342 330 261 1405 26254 247
248 274 956 1092 16259 125
235 32 1186 1406 19316 93
392 212 430 677 8566 563
245 63 291 734 7659 733
54 357 680 965 642 122
215 356 990 1066 23045 71
103 316 24 1127 17408 1299
265 70 921 922 1023 58
62 16 0 1316 24327 329
215 125 1435 1440 10209 5
253 280 283 306 13834 917
345 317 279 981 1598 1132
165 121 58 1410 24945 141
4 310 586 656 26443 767
291 29 718 738 2066 469
73 183 353 1161 1784 618
315 57 451 726 15347 604
399 11 587 1346 19438 427
133 26 908 1431 18359 416
93 202 436 1129 8738 160
366 331 460 787 20613 600
162 113 1396 1411 25368 22
318 78 96 453 7227 348
102 140 922 938 24101 417
166 84 1063 1189 23833 207
15 64 1119 1298 25785 135
225 175 1271 1335 5464 84
127 113 213 959 10196 985
99 352 52 832 14080 918
228 128 198 1170 16780 686
281 114 101 1059 4436 321
89 42 1305 1346 16323 95
329 117 1309 1372 3948 76
360 148 512 520 24597 677
290 127 1001 1309 14359 395
170 272 239 359 6229 701
60 22 44 1278 7975 1361
105 42 1148 1205 2528 235
140 143 536 814 3477 46
361 79 460 1203 2915 643
310 99 523 1420 25758 401
393 379 1190 1229 2834 234
180 204 849 904 4680 111
53 58 145 153 2021 14
47 220 1048 1360 11997 86
219 228 805 1359 18080 209
106 144 800 1363 12705 151
229 142 558 1325 17144 197
139 385 780 933 9093 267
118 217 1174 1359 26556 124
172 230 1266 1348 19645 76
132 57 963 1087 15540 377
191 275 538 716 24057 195
359 292 868 1031 12699 37
146 126 842 1117 17448 387
375 390 1410 1418 6190 7
62 106 241 1271 26614 1134
47 383 1391 1403 25425 7
137 272 146 340 19705 501