60
237 344 96 1191 8770 1049
271 220 1335 1352 10976 72
244 89 143 857 26504 445
191 186 1295 1299 21146 123
77 129 676 1158 10197 250
397 183 1197 1290 4425 26
136 115 762 873 23896 590
386 246 1054 1330 4233 380
288 250 538 944 22090 506
102 46 249 1327 16187 648
150 395 288 1124 6994 26
173 257 736 907 7993 305
363 149 1280 1303 12027 12
379 33 1321 1405 24297 66
215 106 533 895 24291 708
354 78 1133 1400 18984 38
174 2 849 1300 9762 514
235 102 338 1119 24630 440
224 261 374 811 21224 286
62 53 810 972 22890 424
254 331 1311 1352 5599 102
236 358 1025 1154 14010 125
320 246 1286 1302 11063 125
77 63 563 650 14416 453
72 48 1017 1227 9568 284
151 232 1230 1408 3144 24
399 99 414 637 9517 74
369 377 622 1240 3714 512
96 200 478 1040 14687 19
250 340 218 387 5879 71
234 379 532 1069 26753 156
67 229 1152 1302 11750 82
289 252 790 818 25406 148
370 256 314 495 7738 252
369 20 669 951 25897 232
2 70 825 980 23087 441
85 91 807 844 11400 322
369 18 593 839 4213 650
174 100 1357 1393 3741 8
231 304 1147 1389 23165 67
149 81 537 807 25507 201
21 343 1273 1320 24138 20
43 240 279 1122 25527 447
338 18 1256 1408 21133 182
352 213 697 886 13540 282
321 117 1399 1420 1641 8
10 275 275 909 24438 1139
22 397 1262 1318 3213 48
203 273 603 1332 22531 18
68 110 1211 1348 12569 81
81 384 1220 1234 4092 99
334 126 260 750 22250 629
124 354 1218 1246 11885 62
338 280 410 657 13519 382
138 139 1407 1412 24320 8
317 255 311 522 12285 437
247 317 118 424 11777 977
134 80 1081 1143 7835 159
211 133 823 1123 8092 246
33 205 854 1347 22085 468