25
14 1 42 1221 23511 118 
12 390 0 1339 26260 132 
380 387 79 1262 20782 102 
397 19 23 1205 17307 85 
220 204 11 1303 26790 133 
3 215 39 1255 12204 61 
209 24 21 1398 23796 120 
206 229 96 1379 15121 76 
226 184 10 1238 26486 268 
202 184 8 1324 7138 71
220 230 0 875 7437 1046 
200 210 4 990 7490 1409 
218 214 10 872 4699 738 
245 244 0 1017 7743 1383 
247 204 1 908 4181 538 
175 242 6 777 8386 776 
226 184 7 570 15189 1301 
186 211 5 998 8284 1178 
246 320 5 982 9899 1390 
283 78 3 883 9134 1250 
183 208 31 1280 10531 101 
224 154 36 1300 25956 254 
206 153 21 1261 21340 221 
186 211 17 1277 7499 73 
217 199 21 1300 19055 197 
