200
347 354 732 1428 1656 300
198 1 239 1388 1158 702
75 36 0 200 27100 951
162 53 0 200 1220 790
318 331 321 1053 12019 805
200 331 842 1240 250 597
118 330 711 1245 78 876
329 179 861 1216 1989 363
393 172 402 1249 568 540
276 336 822 1290 1610 342
78 51 664 1261 524 492
279 295 334 1351 33 405
340 50 606 1335 1808 561
0 202 147 1371 21470 988
336 148 343 1281 28 292
30 354 269 1146 1802 450
375 113 80 1433 1647 638
37 1 1000 1337 21031 391
400 400 1200 1439 22554 10
239 239 0 200 12294 786
134 59 990 1110 1234 1369
255 17 550 1317 5367 969
82 172 260 1378 2294 956
201 201 0 20 1000 956
92 217 390 1202 1214 281
217 155 510 1153 1335 303
38 118 869 1306 21175 780
121 31 17 1087 1913 527
272 338 648 1312 880 572
185 44 38 1257 2214 974
153 122 876 1098 92 897
61 338 576 1360 798 906
400 400 1000 1408 17200 982
167 132 171 1047 3835 654
340 340 1000 1408 17200 200
136 103 460 1227 847 1232
237 307 396 1338 21132 758
282 71 262 1063 814 819
141 202 466 1029 3011 716
189 357 570 1181 943 170
75 265 219 1045 2975 786
121 351 593 1335 1135 236
230 349 757 1208 951 910
216 228 999 1086 1900 576
244 324 504 1066 520 316
85 15 502 1237 1570 590
4 72 294 1142 342 315
365 237 383 1044 802 938
187 136 260 1105 2835 174
395 106 51 1414 7319 1396
8 260 680 1401 785 330
291 312 157 1125 4051 942
76 382 1000 1370 21323 343
117 25 829 1081 2374 459
243 196 543 1377 5178 1012
249 170 472 1240 550 428
178 26 191 1160 1050 289
79 287 468 1288 315 817
106 172 516 1248 2459 1216
379 345 164 1122 2825 952
316 103 204 1362 2151 894
10 13 977 1404 7364 1237
400 397 859 1254 12654 570
47 67 127 1432 3071 685
137 352 338 1017 1427 459
323 216 222 1313 15329 984
174 354 378 1322 449 644
61 347 955 1394 26 842
210 210 868 1252 3047 766
73 215 809 1269 995 985
181 139 833 1227 5341 1035
48 375 393 1074 3203 702
236 223 1019 1020 21330 29
49 38 171 1097 300 20
317 58 556 1059 3857 793
293 14 234 1411 4348 1107
311 372 0 300 2059 771
30 97 0 300 3640 107
160 369 657 1245 2878 374
389 186 566 1221 2471 693
255 132 76 1002 1304 388
28 272 528 1419 3064 876
316 329 826 1204 993 231
26 43 906 1043 721 515
66 252 458 1112 1171 684
26 282 633 1100 873 323
19 130 391 1016 3051 876
248 206 181 1081 1721 829
30 207 931 1030 1834 103
5 388 148 1398 3390 528
71 267 607 1289 3602 794
303 175 140 1323 703 383
121 271 246 1286 2130 882
323 342 927 1093 2806 842
184 282 129 1420 1308 966
46 264 108 1171 4210 762
307 275 269 1348 709 249
101 234 459 1119 4361 823
73 6 478 1139 1529 261
271 271 608 1439 63 495
336 102 223 1052 2666 615
166 145 575 1351 3171 647
22 291 647 1260 1045 195
398 344 559 1366 3894 801
286 174 426 1220 452 805
256 244 568 1366 1015 758
217 11 92 1373 1553 856
207 303 846 1119 912 706
54 46 930 1268 3820 967
214 58 981 1290 2309 508
58 1 546 1162 1022 774
85 346 5 1242 2942 923
13 230 483 1049 1271 462
199 346 522 1362 2540 464
279 304 701 1237 41 403
69 265 206 1019 2501 932
301 8 279 1135 4936 973
37 277 159 1211 566 228
249 102 781 1410 1882 764
103 96 524 1246 2377 615
56 332 49 1300 2379 703
327 255 19 1149 2376 924
229 143 913 1073 3154 978
199 356 45 1082 1652 613
14 253 283 1240 1709 436
274 255 780 1414 21171 1118
221 325 425 1012 1000 653
246 11 277 1108 2083 690
308 314 234 1199 1456 784
177 235 101 1048 263 509
188 296 644 1014 1299 580
245 134 948 1308 4606 1313
89 173 266 1141 24818 922
97 197 790 1141 1143 875
108 95 182 1391 390 832
337 336 475 1347 1549 563
144 275 155 1097 4256 752
87 94 529 1318 2893 643
52 264 64 1063 4177 953
161 61 562 1126 1321 903
136 240 394 1405 819 595
344 301 720 1274 2451 964
77 77 635 1127 3388 1279
269 297 369 1132 1187 779
327 279 852 1165 2028 779
70 85 668 1416 2638 839
146 41 727 1246 1185 1343
133 78 207 1440 3556 610
189 140 402 1284 1243 1117
49 164 397 1132 2082 781
386 106 30 1256 1867 747
115 246 423 1268 6660 1270
6 332 318 1269 2117 496
99 231 353 1359 4268 1061
256 6 505 1070 632 666
193 213 191 1023 4740 896
338 361 584 1250 1036 530
302 6 335 1007 3832 997
186 115 649 1112 3884 884
377 182 92 1022 3187 569
383 5 762 1289 2425 918
104 18 758 1074 2499 724
163 92 298 1048 674 404
68 258 328 1066 1649 512
209 200 842 1144 2803 771
16 23 310 1352 3418 790
153 49 398 1065 2758 590
93 204 606 1184 1881 552
70 2 205 1214 5361 927
48 279 814 1192 1117 915
378 258 532 1224 3725 962
113 75 7 1141 3667 1073
224 233 607 1063 2973 787
192 248 325 1325 1874 534
306 358 860 1136 2427 570
183 281 820 1008 4776 1000
279 330 69 1053 847 898
254 392 30 1374 1769 734
32 352 426 1157 861 780
168 336 439 1210 5427 1167
18 257 106 1024 1142 370
220 95 134 1085 520 88
221 23 196 1421 2856 518
268 125 735 1231 4377 828
367 355 751 1211 183 275
76 242 267 1125 3775 748
192 55 838 1121 4817 1198
194 328 591 1086 790 170
350 132 248 1290 1089 337
298 346 522 1271 2982 818
29 209 486 1279 1698 710
176 369 152 1218 2790 825
129 312 929 1141 1578 1268
3 50 936 1224 1316 590
189 280 117 1230 3258 626
153 78 341 1021 4860 867
185 316 864 1269 1481 627
35 358 654 1153 1279 488
269 292 843 1270 2172 812
72 245 494 1254 3634 947