200
207 371 320 1079 3632 668 
24 304 119 795 11291 1177 
27 178 242 614 13353 1366 
114 302 379 766 7448 1349 
393 341 8 1275 3861 797 
72 230 453 964 5103 617 
16 8 201 1358 5420 1227 
312 309 338 984 12142 1079 
252 6 353 854 11005 1219 
184 257 257 1341 12629 1247 
119 182 61 1035 4734 378 
392 385 126 1206 11590 1410 
54 360 429 1089 2964 450 
303 391 128 909 6365 624 
321 62 371 628 9583 962 
351 87 4 818 10136 1235 
321 11 351 1077 10149 1376 
340 109 115 1214 9545 929 
359 171 330 1213 4981 462 
252 317 258 885 6543 720 
346 45 105 951 11657 1262 
275 11 12 1325 13244 1362 
156 277 67 1044 8136 1278 
339 184 137 915 2395 586 
347 216 87 840 10542 819 
92 226 118 875 3805 739 
151 21 191 865 6045 1277 
308 205 350 1337 9988 1149 
205 230 225 929 14306 1063 
316 258 410 670 8679 752 
329 24 301 1071 5776 883 
119 394 481 822 16221 1211 
7 166 0 798 5727 710 
359 175 152 1317 8306 602 
7 64 233 970 14131 1373 
65 149 462 1077 11504 1031 
368 245 13 927 6563 1175 
153 134 197 1047 4354 564 
231 18 152 1025 9776 900 
314 369 176 1226 1332 181 
216 131 41 716 6260 1393 
60 187 281 852 17762 1380 
259 378 35 1414 16114 1414 
221 130 100 708 16663 1200 
308 128 332 1248 3477 679 
72 208 490 847 5999 492 
333 369 377 758 14210 1059 
239 221 160 936 10864 1323 
259 28 339 1184 18845 1428 
362 162 328 1224 5790 1299 
325 14 364 1437 21500 1393 
85 170 99 904 8142 344 
154 280 69 912 26810 1080 
238 50 160 1362 9654 391 
202 394 236 920 12332 587 
180 78 492 1436 16657 769 
388 47 213 621 25152 1304 
337 392 485 785 12434 703 
143 123 296 739 15557 948 
363 220 306 1354 7865 365 
302 173 244 918 11428 649 
83 14 348 1134 13899 626 
129 174 254 969 4624 193 
96 248 206 795 19775 1195 
216 222 259 955 12615 626 
334 67 150 1311 20863 1025 
88 324 243 729 7927 331 
292 202 207 818 14378 709 
47 341 5 643 17483 942 
140 173 228 704 25960 1433 
349 17 392 1429 24834 1356 
75 184 377 1437 21646 972 
130 124 213 837 14449 839 
385 135 343 990 14831 702 
226 55 312 1267 20223 1050 
149 377 354 909 13333 731 
40 2 92 1209 10329 606 
96 32 388 1220 25562 1412 
370 249 291 1262 16273 1000 
53 192 37 706 22243 1285 
64 318 184 1242 17758 1015 
332 2 367 654 20194 870 
286 154 332 867 23397 1228 
231 272 291 699 12184 520 
133 255 210 1405 22129 1036 
238 118 445 1294 18466 1176 
3 33 246 1237 19420 1213 
389 205 329 1409 21008 1196 
201 38 393 661 9862 436 
58 366 468 641 18429 757 
41 335 56 1213 10410 612 
88 30 407 1054 14211 892 
245 131 76 652 22353 1007 
394 116 114 1218 20619 1217 
98 125 317 1272 25014 1213 
97 110 217 1354 25261 1417 
94 335 283 1410 12331 779 
222 55 289 1219 10132 436 
299 350 437 880 20228 990 
55 153 378 927 22231 1300 
25 98 98 1258 24011 361 
68 212 237 656 12940 176 
171 289 352 1024 11070 168 
50 228 186 1254 12782 181 
380 359 464 901 20300 303 
252 268 34 919 16714 250 
233 156 241 1298 23485 344 
236 52 455 1307 22996 330 
343 24 32 1319 16289 218 
167 277 159 1232 17461 241 
304 395 209 1056 17790 258 
145 372 162 1337 24411 356 
237 182 419 1015 20917 289 
314 315 312 842 7319 112 
239 388 14 1137 8176 115 
12 150 355 861 13421 203 
310 91 380 672 9839 138 
76 33 87 1287 2798 43 
70 59 376 834 20977 302 
96 152 291 811 22816 333 
366 299 41 805 20826 318 
237 38 456 1151 9080 129 
153 222 467 1150 22200 329 
28 265 239 1420 24847 332 
124 76 131 961 7575 101 
330 317 356 893 16625 229 
226 143 119 1268 10725 146 
177 300 39 640 25880 386 
121 256 315 878 24047 357 
169 244 450 1425 22696 335 
12 347 12 829 16517 253 
214 376 496 1214 24016 349 
227 78 298 1128 11322 166 
216 15 72 990 12597 168 
228 136 130 1235 13681 208 
146 49 404 1316 26339 372 
60 155 306 967 6657 90 
155 14 303 768 22882 330 
293 228 158 1205 25010 368 
263 241 152 965 24006 350 
2 78 112 734 3176 47 
9 211 402 1352 12209 177 
86 245 130 1439 13438 183 
100 150 215 1422 14513 204 
14 10 499 850 23648 321 
177 364 49 1343 25013 361 
239 100 284 1337 21064 283 
147 355 378 951 22775 338 
48 377 93 652 24127 338 
332 128 4 684 7895 106 
160 271 367 611 22258 114 
140 372 248 989 16083 79 
29 232 243 805 9370 48 
51 278 483 1232 12466 61 
349 112 402 734 8389 43 
246 269 246 1323 22673 116 
44 25 392 640 22451 111 
350 378 274 1213 16878 85 
210 326 245 887 16583 85 
333 123 173 986 21887 111 
332 331 113 649 25443 127 
253 271 314 1244 8150 40 
301 271 388 958 21914 108 
170 284 449 980 13269 65 
244 183 151 619 22097 110 
264 263 261 1152 26008 133 
396 134 396 1407 21842 107 
354 131 211 732 21618 107 
350 132 402 782 24650 122 
298 125 324 1298 13398 67 
234 359 56 1424 21936 108 
132 145 165 967 19464 99 
256 131 296 1336 24478 123 
124 227 174 1437 26399 133 
162 3 346 1245 10338 51 
368 392 380 691 12958 66 
137 182 309 1369 24053 118 
165 197 307 714 23745 121 
27 132 248 963 23552 117 
59 74 448 1251 9717 49 
22 291 97 1141 24323 124 
290 230 133 818 26947 132 
82 271 69 767 25443 128 
366 275 115 1140 4948 25 
395 213 435 934 20848 105 
182 128 215 1414 6724 34 
23 146 109 1324 11683 59 
383 215 89 1092 6058 30 
251 11 322 898 15912 80 
66 349 141 852 24052 120 
390 160 489 1230 16442 84 
78 187 400 1414 18185 89 
11 384 472 1425 20286 100 
299 12 365 1022 25219 127 
379 315 444 933 21121 106 
190 351 299 759 11720 59 
129 53 341 993 14073 70 
216 57 62 648 21168 108 
80 334 233 1340 13276 67 
386 137 397 667 20203 102 
