200
257 42 797 1228 9117 170
153 373 438 806 7330 1311
113 329 1303 1439 3858 1047
177 304 991 1076 5944 1422
366 218 991 1076 20957 1334
395 53 995 1430 5494 587
274 97 995 1430 7954 961
268 123 912 1344 10913 341
50 127 1195 1258 21985 966
279 260 995 1198 14179 185
394 155 993 1272 27085 1056
387 379 1167 1287 7888 647
78 142 1341 1370 24835 487
270 7 359 840 13260 358
370 179 1438 1439 2474 1236
32 236 112 819 13792 622
191 196 962 1370 27114 576
132 265 1226 1392 5824 490
197 6 943 1358 13362 135
33 190 1385 1397 14500 1244
378 76 1217 1353 12797 212
396 160 1360 1381 1391 918
6 32 993 1252 21687 687
230 126 355 1341 824 800
394 184 355 1341 2165 1323
7 294 197 1073 24682 396
268 64 664 1020 16773 654
336 312 426 1102 20912 16
26 188 1233 1361 13376 294
65 251 1233 1361 25290 914
399 66 3 1278 2104 65
397 186 529 759 14638 240
129 244 470 912 25391 233
114 29 1198 1363 86 852
229 298 808 1067 26327 613
183 163 168 314 7379 226
355 231 992 1386 26222 1319
64 26 314 1380 10029 1266
252 197 1041 1184 12279 6
220 398 1149 1306 17476 1132
194 172 1149 1306 26218 1278
55 86 1149 1306 19783 1252
131 55 614 658 5062 323
363 262 1131 1430 15826 1106
368 262 675 1155 9352 866
67 304 34 753 2305 1234
17 111 89 1411 20335 223
360 119 275 821 24104 1253
67 95 823 1208 14825 493
140 115 610 1063 22823 1179
198 144 65 967 18917 868
306 300 44 267 1388 920
194 118 663 1082 4019 1297
98 72 1381 1420 5137 769
87 89 1381 1420 1209 132
244 96 975 1149 16486 753
224 124 290 1058 21893 1104
252 79 496 538 21633 471
23 228 1126 1269 3754 223
145 197 543 619 6318 1101
369 374 1282 1295 8327 13
91 391 674 1252 20370 1229
81 370 70 812 15848 892
301 108 905 931 1806 688
308 52 62 1317 10632 1109
170 64 1407 1414 8502 849
170 187 1124 1366 12209 1405
100 296 42 942 7772 940
19 326 1406 1427 1563 1385
150 272 396 591 9040 603
350 319 673 883 24677 1075
364 195 732 1255 23485 417
208 366 1260 1283 11435 195
384 192 1407 1439 2854 391
378 35 169 810 22192 434
339 44 206 1271 653 1400
144 170 749 1225 8590 940
195 340 612 841 22386 876
104 256 1162 1285 7577 260
302 287 1434 1435 5848 644
287 308 676 1202 2870 983
31 330 97 1181 23926 278
59 74 601 617 7027 112
254 183 739 1285 16536 259
124 7 198 1140 9508 835
50 118 1350 1366 17928 1293
368 72 468 777 15990 83
307 318 214 484 2225 714
208 344 897 1312 21184 57
236 360 1406 1437 13378 1105
277 391 68 572 20210 558
125 52 89 567 19333 742
349 135 1148 1339 6271 114
237 99 759 1105 23420 810
67 306 717 750 22503 762
388 169 1066 1155 3151 947
191 211 1066 1155 8631 1402
277 175 124 1413 14509 574
329 127 646 1092 26727 517
34 91 1140 1237 9561 868
271 365 558 936 76 185
95 61 450 1017 8878 497
9 147 1033 1402 25425 1096
214 273 1287 1326 6740 916
68 149 848 879 1585 1262
257 368 71 531 17563 754
125 155 173 1374 25033 874
285 230 1402 1415 14140 853
252 136 1398 1413 17807 1206
53 399 1084 1255 25298 721
13 183 1255 1287 609 39
331 397 1111 1340 22075 937
331 397 1111 1340 2063 274
198 194 313 558 19579 588
101 126 483 932 25007 695
184 290 1020 1078 26217 1189
263 361 403 1311 5964 606
45 177 166 875 16214 293
273 92 146 893 22389 87
83 68 513 696 9743 223
90 178 907 1385 10602 814
90 161 984 1121 10421 621
388 139 1028 1204 23815 11
373 107 748 994 3864 1337
93 342 1408 1419 21856 734
289 154 31 1202 919 1226
337 7 426 1194 22987 388
207 190 697 863 2755 954
29 179 769 839 7905 649
228 350 122 536 2284 4
165 228 184 442 11439 1033
152 271 575 768 18697 1076
272 282 192 1004 3873 1376
367 228 810 1305 21767 178
212 169 89 1370 5339 1179
103 228 902 1372 26456 554
381 89 176 902 13017 337
13 131 129 1103 15701 1100
250 32 1093 1118 25583 419
126 335 1287 1365 19915 887
346 247 322 732 6818 1086
288 23 978 1299 6728 1266
113 225 1330 1355 8839 447
44 235 704 1020 7726 726
215 315 335 512 9886 224
365 11 1068 1165 5652 683
280 142 95 1252 5227 818
65 58 1153 1341 6151 521
235 41 587 1034 12019 601
323 155 85 653 12501 439
235 41 587 1034 9605 1050
191 382 112 131 21150 479
175 266 1062 1173 21395 637
381 183 1014 1372 25277 1107
151 72 50 1225 15284 948
46 35 1148 1157 11323 781
2 33 500 1036 26583 284
31 305 759 1023 24243 415
142 42 743 1143 3158 1332
57 348 1075 1122 21783 439
63 62 1218 1320 18431 1045
162 15 962 995 8298 411
51 337 850 1059 18831 738
38 259 1086 1386 25569 236
49 101 1389 1433 1967 8
222 279 1211 1305 16071 1123
391 210 1211 1305 1721 913
261 218 730 1200 18674 509
171 42 11 379 21434 245
230 113 311 782 11902 446
108 69 886 1103 17630 50
309 109 1173 1257 8710 993
18 367 223 872 9679 1068
253 142 1414 1439 6562 646
262 274 297 1020 8378 129
262 274 297 1020 24702 536
198 387 1324 1423 5684 46
36 215 1324 1423 25430 1103
189 207 154 438 19540 746
94 0 1267 1344 22093 948
171 235 745 843 19735 288
35 100 386 650 18442 1185
318 208 1187 1419 4753 674
105 60 348 948 13039 696
12 331 1423 1425 70 316
12 331 1423 1425 105 374
209 27 1295 1327 24659 437
43 273 895 938 7436 404
288 249 894 1099 13403 358
223 116 894 1099 18161 976
174 390 124 936 24164 757
297 187 972 1006 26538 10
55 42 658 767 12739 983
69 71 1303 1378 1590 1209
304 292 1303 1378 1590 1209
35 304 160 518 15620 516
200 97 837 1323 11554 660
67 25 837 1323 12733 685
147 20 146 1215 1310 447
58 66 239 960 5962 517
