25
74 2 822 1400 24902 353
75 316 635 1331 23998 557
347 325 635 1331 19947 1365
120 329 635 1331 16369 10
361 99 1371 1416 16669 1390
398 91 464 515 4053 1434
214 86 232 753 4638 914
203 346 1351 1378 11789 510
308 40 1232 1352 18975 746
110 94 567 639 10205 1267
37 400 4 900 20792 1069
6 51 480 881 24495 461
167 390 663 1243 255 353
123 40 909 943 12275 55
129 222 1063 1113 5867 652
129 400 35 36 25134 1265
85 112 209 372 10335 348
5 143 319 357 11083 492
384 349 23 1086 18094 913
98 131 835 1075 4557 1407
116 102 835 1075 1724 950
54 321 835 1075 14895 800
185 129 595 771 1268 75
18 384 211 370 27199 1242
209 334 581 1253 17141 912
