60
204 352 132 673 5535 1197
177 312 516 575 8879 1229
273 92 516 575 9859 391
188 65 101 394 3147 902
389 297 810 1254 27048 86
232 256 192 527 25518 1135
294 382 192 527 23826 605
59 18 983 1137 2088 1212
68 78 379 583 19139 903
341 384 1375 1405 6470 1214
172 200 1083 1423 2164 632
149 61 1229 1267 654 1
93 159 1184 1228 8353 899
66 235 1184 1228 23587 930
311 312 359 719 23735 974
191 395 325 523 3854 142
19 147 1162 1438 26363 405
123 109 993 1381 24377 1023
236 64 764 862 22044 669
66 178 779 815 19379 438
129 1 969 1202 8951 392
196 9 479 912 25939 565
228 5 757 1177 6797 419
97 308 1248 1427 26975 977
376 101 1297 1311 22673 346
70 257 165 315 13180 221
27 169 1073 1298 21882 1013
249 328 301 467 17115 842
13 10 911 1255 15525 283
368 163 536 1137 5404 1069
12 272 144 993 5554 219
113 290 1347 1426 14123 1302
212 141 751 1008 10521 944
275 347 437 1437 16068 574
162 257 136 397 3800 795
93 246 408 817 6876 677
228 171 1426 1431 6249 511
212 109 1340 1428 26218 309
90 354 736 1348 22613 1000
90 354 736 1348 19935 744
302 381 616 708 12525 488
127 308 155 917 23137 1039
3 109 993 1012 24669 582
348 62 1423 1436 18683 727
109 332 408 884 4882 1065
362 97 1208 1375 19368 828
83 163 1208 1375 12045 579
31 396 348 487 22833 729
203 1 990 1191 25746 792
50 397 1438 1439 15972 455
321 22 501 662 1467 150
76 22 501 662 20077 1131
355 100 202 1005 1731 1003
304 92 480 1297 21925 1403
387 165 1052 1137 6422 1152
386 204 358 816 15525 874
78 236 623 872 13225 1015
329 164 1281 1412 23553 1194
118 148 513 1403 610 907
267 116 133 630 23406 79
