46
30 232 329 500 8239 1134
389 376 319 1231 24230 348
70 283 64 1296 2999 774
217 124 382 1118 3692 530
320 201 382 1118 3692 10
231 178 153 955 6166 1274
378 382 158 910 9382 238
90 27 121 919 16160 400
90 27 121 140 24080 20
162 182 127 1225 3570 1339
398 392 0 1440 24129 10
2 3 1300 1440 24129 100
183 231 1200 1440 11899 143
260 384 46 1121 4332 1271
136 238 388 1186 865 386
201 201 64 1440 7082 100
200 200 31 975 27200 1400
380 80 400 1118 4811 229
85 355 293 1118 4603 120
2 336 195 1118 2080 594
1 382 1200 1440 24129 10
394 2 1200 1440 24129 30
293 128 1000 1113 15833 102
301 273 308 1074 355 138
13 343 0 1440 100 50
28 89 0 1440 422 5
78 161 0 200 6377 120
58 88 245 1241 1535 452
203 353 382 1118 692 129
34 184 1330 1405 21234 283
363 99 302 1280 1894 309
177 211 284 987 206 823
123 165 97 965 654 232
350 332 72 1440 337 5
137 36 206 1440 2644 230
102 58 295 1440 27200 700
235 241 11 1269 5800 120
108 92 1000 1211 25201 320
254 295 236 1388 5963 329
85 289 150 1109 747 120
277 372 0 10 21988 19
25 27 374 1059 15482 120
354 269 0 200 3185 120
338 351 0 100 11342 5
267 146 379 1333 130 89
400 400 231 1163 24781 102
