60
134 105 231 1356 15198 888 
272 118 147 1326 23108 1394 
105 255 224 1361 12325 1194 
9 298 14 1396 11969 829 
139 75 129 817 15744 1107 
358 253 41 727 11228 833 
159 280 259 1430 4299 360 
314 143 168 1385 21054 1110 
146 292 283 1353 23588 1285 
258 55 203 1162 8427 730 
313 172 278 823 2583 283 
6 147 51 1052 13661 848 
291 373 148 789 14246 832 
203 321 156 961 14394 1169 
214 302 120 1136 14403 1423 
363 17 52 824 10172 580 
86 75 210 1019 6120 626 
170 24 199 1339 17767 1043 
337 3 292 1361 23920 1270 
71 315 248 709 13852 962 
189 374 17 762 14929 819 
72 349 173 804 24651 1308 
299 130 112 703 6092 538 
253 146 89 702 25778 1436 
242 24 19 1291 18962 1032 
188 296 60 1276 13019 1073 
215 196 21 1056 19251 1365 
68 271 86 1244 9145 503 
84 72 240 709 5069 338 
228 196 240 1197 15059 949 
266 306 62 908 8954 769 
317 225 144 1025 18953 1216 
169 266 119 1050 19061 1104 
219 200 44 1137 8556 819 
218 268 167 1383 8148 867 
41 72 9 705 3393 283 
12 389 229 838 8036 472 
86 227 157 644 2997 316 
312 396 221 892 11525 621 
267 252 33 780 4433 238 
204 180 48 1390 19221 1020 
12 13 340 1167 21604 110
10 382 178 1258 14361 72 
372 391 340 1344 4690 24
329 12 299 1009 26587 132 
180 96 286 1384 18047 1408 
15 273 179 1018 15513 993 
115 369 67 796 22051 1377 
346 280 27 778 7811 750 
206 286 2 688 7566 615 
179 183 1 583 2035 582 
177 179 24 1252 1418 212 
227 222 13 1274 11061 1354 
241 205 18 1260 4180 803 
194 197 39 525 3762 1168 
189 250 25 687 908 442 
232 185 31 1308 5625 835 
182 175 36 1159 7803 1047 
154 234 15 934 9782 1382 
207 211 32 1436 8897 1282
