150
399 65 1308 1427 17850 803
385 168 127 1022 24389 1428
359 194 483 853 23352 765
27 348 847 1400 13655 286
72 171 1228 1310 23676 705
333 69 338 705 8255 125
58 319 618 1359 10909 857
341 58 1242 1355 2893 563
306 395 772 1181 11851 176
392 290 472 652 8046 465
74 53 1031 1205 21082 915
248 169 1169 1175 26653 27
345 235 505 505 4241 671
31 194 965 1119 4172 108
249 371 891 1293 14787 457
194 17 1143 1418 18026 298
303 231 977 1300 14580 13
66 372 405 835 1927 878
246 210 825 1238 13159 214
71 5 779 1219 18505 212
6 154 456 935 22688 1422
14 267 1140 1356 377 660
206 167 1096 1366 21559 810
235 124 1036 1390 9785 1201
276 336 846 1047 10109 122
130 369 279 721 4710 405
360 378 1370 1410 1567 981
232 245 107 1224 15901 829
255 65 291 291 2303 142
313 349 199 277 19290 1244
110 278 968 1110 9361 20
270 333 662 1342 11913 101
136 284 108 1418 10580 768
182 9 595 1243 505 704
120 387 356 1170 13315 950
123 293 1110 1110 26313 1367
346 277 267 617 13788 853
259 360 64 1415 16048 50
222 8 946 1312 5692 436
149 265 161 760 7385 1058
313 277 1345 1437 15634 298
161 78 1038 1370 15243 1360
179 282 979 1077 10273 789
343 283 1071 1239 6168 986
157 249 1428 1428 13106 159
170 252 199 244 25371 95
367 111 566 623 2370 713
104 57 456 877 20322 415
220 218 435 1137 26965 897
228 376 518 1366 9473 472
182 81 1169 1416 15879 424
141 283 1225 1260 15381 166
11 326 1305 1422 6726 786
291 228 1437 1437 20606 1099
303 168 300 1406 21977 626
64 9 1436 1440 23328 465
258 220 747 1282 21031 295
206 247 612 1363 19966 427
28 159 1026 1042 16112 583
334 310 1245 1319 13653 450
134 398 1039 1065 22698 653
289 178 1397 1421 18832 76
241 124 45 194 26392 125
66 355 222 945 19530 210
98 187 263 654 6695 1321
93 246 58 290 9966 302
240 188 762 1356 5567 754
271 207 16 1315 20029 1134
88 224 411 666 2009 986
365 53 603 1317 8318 437
222 182 1116 1392 16198 310
312 274 602 648 7889 182
319 157 969 1395 13778 1188
227 123 772 1349 23596 1224
275 191 1320 1364 22981 984
153 274 344 463 15136 1217
302 168 1276 1340 25743 128
179 82 706 1169 15313 1022
256 347 35 35 20134 1
399 233 154 705 6374 733
63 25 106 468 14027 790
78 81 947 1097 2255 113
284 137 186 583 8418 1224
301 100 357 647 5238 360
393 281 797 1440 13687 309
284 90 5 1259 26554 1232
98 256 367 902 4106 943
235 366 942 1142 4512 882
74 21 276 980 8283 801
46 348 854 1003 3453 611
79 148 1001 1344 22147 918
164 333 768 890 756 401
337 20 159 736 992 338
271 215 1440 1440 13232 978
181 180 876 1096 16631 1066
298 281 867 1038 20344 1279
66 172 540 1250 15087 514
14 264 1202 1388 14059 1388
357 285 733 1342 7535 56
236 222 119 1120 26279 79
364 303 422 492 25136 764
95 18 1025 1148 26986 813
265 51 423 780 6927 201
133 309 689 1098 3115 1302
323 212 185 1287 133 452
112 276 668 1268 8470 1126
99 272 851 1234 20061 1150
278 378 980 1097 1858 1131
377 9 651 1011 15775 60
170 4 1091 1323 15990 1078
395 284 1100 1324 19072 1014
163 67 939 1333 22301 846
157 343 1248 1369 9773 1241
147 201 1296 1377 11704 1210
242 385 1075 1189 1553 108
128 270 526 766 2136 1307
356 81 1364 1401 12681 730
202 400 305 533 13538 863
3 210 722 966 8878 577
67 27 228 738 5746 302
332 381 632 858 17054 129
202 219 1147 1336 13251 17
327 112 628 1357 18249 112
312 190 191 1340 21463 1282
58 194 566 669 18456 1350
335 30 354 1290 16116 225
97 234 124 1284 5564 750
49 153 260 430 19140 1080
302 382 530 613 18346 1176
172 81 592 1411 25486 630
74 112 488 940 21235 648
238 89 626 786 1061 198
373 161 1028 1402 13334 692
61 55 1301 1427 22036 1345
29 92 722 1099 15276 755
79 315 901 941 11845 1016
211 379 18 1067 10074 220
241 336 278 1242 550 1384
134 98 678 987 17593 299
2 350 569 1004 7790 987
36 209 966 1074 3617 735
319 120 1198 1346 11395 456
142 23 1139 1414 7131 729
131 202 236 1055 1353 1215
377 195 670 670 5878 1
339 178 291 1350 12207 703
173 42 1399 1433 7051 925
200 265 369 663 16341 321
177 112 460 474 9179 370
200 305 251 1192 16215 488