150
197 376 129 469 20472 0
396 28 174 1070 6713 687
136 372 1043 1128 26267 203
376 74 351 1082 3671 1371
334 349 671 823 6702 1335
290 26 1346 1398 1462 955
220 382 293 1118 1513 1153
331 10 454 788 5104 610
43 383 709 852 20641 127
371 21 62 958 20000 775
344 48 994 1021 6658 0
390 29 620 735 4404 1332
112 249 1204 1397 12461 1439
53 357 475 866 4016 401
391 181 800 939 27033 768
118 84 300 1188 11451 2
357 239 730 1344 21528 1413
79 331 356 776 11080 963
362 93 140 870 21867 1024
315 126 1033 1103 19411 670
133 276 791 1322 3443 18
291 356 1045 1084 13209 981
46 14 105 554 15866 581
199 180 37 429 23248 695
206 400 1397 1425 4310 486
247 163 523 841 8309 139
140 247 1211 1354 23171 66
379 195 1379 1429 21183 687
106 120 464 986 13740 1436
331 298 1421 1429 16925 533
249 387 237 1015 23670 51
165 175 373 924 12167 1250
83 324 204 810 3100 1281
314 131 399 953 15654 958
295 35 1325 1345 20385 95
302 201 1272 1349 23875 896
231 230 648 803 13029 845
209 94 931 1083 17502 1316
174 285 1426 1436 20061 1054
258 391 683 829 18282 465
179 188 842 1026 14602 231
331 53 99 995 20016 189
269 310 307 1419 24670 129
330 366 399 930 12086 260
329 274 1039 1065 16366 1287
137 53 880 1268 217 599
35 196 518 748 24120 0
287 280 1334 1417 24005 688
177 145 971 1184 12723 564
179 101 1371 1389 25489 1093
250 129 69 1135 23963 1370
167 53 626 839 20936 116
121 140 926 1313 15943 1266
213 106 1079 1328 24949 921
33 364 1332 1400 15928 539
58 204 872 1004 18086 76
105 215 650 1103 17046 1154
339 326 464 1382 3102 363
362 62 66 590 6480 1068
341 355 1166 1439 4781 181
106 297 1017 1147 15850 0
51 339 917 1039 7018 1149
11 303 1247 1421 4047 698
359 353 289 785 25105 1167
139 20 79 376 3561 955
101 120 28 885 26769 1437
271 34 19 192 7469 553
291 36 1171 1305 10169 1306
352 150 275 669 18051 893
205 98 865 1003 14912 329
187 239 1405 1417 27044 538
363 343 216 567 23815 477
212 210 1046 1210 18462 705
383 225 404 711 12286 1254
333 351 288 1231 21281 328
170 338 156 1118 12329 1262
2 290 832 1174 9738 1153
1 235 272 1036 17893 0
325 324 34 1082 14027 38
317 103 1307 1369 23144 1027
391 275 1179 1284 27040 1041
268 365 854 1001 16786 1136
375 30 466 1356 176 301
13 284 916 983 4127 992
165 216 196 447 15051 461
95 199 1094 1164 13069 1389
136 252 108 464 1698 746
340 107 251 982 14012 219
5 274 685 937 9737 823
381 0 612 917 19760 1258
173 61 675 1232 25989 1229
104 351 112 683 7966 31
352 238 936 1013 26715 1114
20 70 1324 1381 10581 151
114 394 846 1041 9558 69
64 247 316 802 26832 212
235 245 205 1329 494 1054
242 395 1216 1394 1683 952
208 391 900 1315 923 1402
20 221 131 434 18204 984
17 83 705 1191 18732 1073
149 394 1032 1233 16287 1367
299 15 392 784 14501 1268
219 68 332 1421 18053 734
224 238 408 916 3983 634
54 371 112 1169 658 1265
226 232 799 1189 4439 1096
386 369 788 979 11104 72
171 14 264 603 10905 338
346 300 270 1246 24220 302
139 328 109 1033 3532 0
202 266 819 1182 22543 151
183 319 280 285 17646 1378
314 143 389 942 16717 1019
377 218 99 1123 13442 350
310 290 239 290 5411 301
189 128 993 1142 23798 586
32 255 1317 1400 6050 884
114 199 764 1232 16425 830
365 247 92 665 2108 1158
263 230 1114 1311 1229 279
90 357 552 1368 433 1279
333 352 134 851 22951 338
258 330 680 1227 20002 445
109 188 270 829 6000 385
355 47 414 1353 22275 0
221 129 68 1285 25585 1244
97 300 1335 1413 4186 1291
345 268 729 806 3501 1290
278 38 1324 1414 26395 1304
42 305 225 944 994 503
63 172 1162 1171 5333 44
71 224 1338 1411 17980 229
125 154 847 1067 5177 924
13 78 661 1258 15991 258
49 127 892 1198 8141 482
208 147 940 1238 3082 1052
286 78 174 1305 1588 1012
88 94 341 344 7255 664
74 103 975 1062 5511 1316
2 156 112 775 6209 0
275 241 336 888 4118 327
196 327 478 1187 6466 875
16 384 979 1234 26482 88
291 252 449 1102 8745 674
203 371 97 555 12180 650
248 37 105 286 3697 259
340 90 1281 1329 8849 336
239 54 297 1374 22577 587
302 245 840 1148 17285 0