25
134 238 173 173 16007 1366
372 29 173 173 22992 455
200 200 1440 1440 518 606
295 53 0 0 15130 1286
135 195 87 383 12337 975
328 48 34 108 15321 54
5 187 522 731 5026 214
346 349 1187 1357 25241 407
106 235 741 1401 14962 442
63 95 275 863 19561 108
61 156 637 992 22201 57
118 328 448 546 8118 112
332 182 345 699 2977 1158
28 400 956 1106 7021 1103
305 243 1031 1306 23171 1389
337 288 590 1338 13461 1351
354 383 1205 1397 21920 1423
167 275 282 580 25403 539
320 185 1038 1088 19623 904
166 244 686 1121 8327 1101
176 188 662 1024 13268 571
302 360 924 1031 11989 1000
215 0 811 1274 14049 300
325 116 771 1426 18248 1308
218 136 24 480 5279 306