40
41 240 242 1124 23794 1440
146 226 1104 1190 15686 1440
254 224 1264 1396 12482 1440
277 25 303 349 11796 1440
342 78 1057 1291 2260 1440
66 164 309 1235 13681 1440
73 259 285 560 2423 1440
151 392 1015 1134 18857 1440
206 0 470 931 26010 1440
155 193 581 1126 22121 1440
141 21 777 1085 3100 1440
109 49 1232 1338 20767 1440
341 64 1422 1438 21048 1440
144 246 251 809 5633 1440
269 231 672 1001 322 1440
121 15 571 832 21161 1440
79 54 506 723 187 1440
385 295 1360 1389 9385 1440
164 23 68 1391 19563 1440
188 8 1254 1438 24258 1440
149 345 992 996 13649 1440
234 328 857 1215 1897 1440
22 30 650 1409 6739 1440
389 319 167 284 4818 1440
110 76 1120 1198 7687 1440
377 307 592 1385 23668 1440
170 155 1026 1138 20028 1440
74 12 1283 1287 6702 1440
27 154 664 1159 4923 1440
363 178 385 655 26275 1440
184 123 43 520 6668 1440
146 183 825 938 10734 1440
46 76 996 1305 15403 1440
178 150 793 1369 7435 1440
174 333 170 773 15032 1440
258 171 466 822 26869 1440
62 91 1240 1287 24466 1440
67 90 559 715 4784 1440
81 398 1168 1436 22071 1440
155 108 536 1324 5204 1440