150
278 63 1283 1377 8675 739
13 165 877 1069 11561 556
337 59 1008 1314 24049 1017
280 69 574 657 15919 137
332 179 1017 1214 11990 713
1 1 1262 1408 16340 746
17 229 586 1155 19770 1010
210 265 578 741 17915 1183
386 197 125 437 12385 585
155 246 771 1313 13630 1051
44 5 684 1150 16298 0
238 235 846 884 25972 831
231 287 1379 1398 9052 639
169 150 297 899 13498 1413
353 204 386 594 15192 459
200 200 1261 1271 19617 1027
161 392 418 818 23624 349
218 277 460 933 13659 581
125 391 90 1413 14331 805
215 35 1290 1325 8752 591
54 119 418 1410 15326 1256
290 307 210 309 7944 389
191 46 1330 1337 23477 709
154 205 783 1387 14005 674
2 140 224 1392 21811 1266
122 153 1294 1333 2340 703
102 208 1284 1336 15068 562
253 88 19 1288 12725 1336
392 4 1198 1405 433 370
317 268 792 1013 7149 190
190 142 1397 1415 13087 1398
371 38 55 73 4208 562
383 189 363 1241 25556 19
313 272 952 1079 9813 1304
32 160 1105 1399 11844 1023
352 124 1440 1440 8170 1111
51 275 98 1415 12659 458
296 210 1110 1151 14386 1433
319 158 119 316 1617 878
206 70 739 848 25860 254
271 19 1403 1422 16926 50
303 273 793 905 18313 125
233 282 870 1098 21628 1402
340 321 1412 1431 5366 82
361 378 1076 1347 9779 952
301 127 993 1081 10396 1131
312 200 88 99 5968 1335
93 263 954 1204 4775 451
350 138 980 1307 24801 103
62 36 1077 1173 10559 525
240 183 496 1077 9204 875
227 380 1249 1259 3783 685
241 249 1017 1066 21523 116
261 127 1161 1321 6264 106
279 283 556 1305 17956 255
361 318 502 1254 13465 1244
131 85 1396 1400 8128 216
34 394 1086 1158 10580 1401
337 200 186 796 10875 1316
133 342 1367 1389 6289 1059
217 365 1440 1440 13896 1387
217 365 1439 1440 13896 1387
348 202 602 776 1328 1336
118 269 1269 1343 24550 1412
379 157 411 996 26873 1057
368 256 165 636 19836 320
330 197 419 725 12156 1376
216 300 1345 1387 9026 726
356 279 64 1382 2664 18
46 236 692 754 6616 392
16 242 947 976 16373 399
293 341 1239 1332 13178 0
180 249 926 1139 18347 216
78 276 934 1320 12241 373
73 313 880 1005 22042 1228
95 109 1064 1257 22910 1374
352 243 148 1322 6482 1288
38 352 1202 1275 3417 544
353 319 1324 1327 27181 1178
13 137 697 782 26396 1363
292 98 1356 1430 2422 624
33 353 1336 1367 14081 314
367 256 1023 1133 2215 150
255 243 744 1068 18618 200
147 369 1157 1265 15133 1085
231 60 1430 1435 9137 1249
129 393 741 1217 20481 1262
326 112 38 616 13782 890
289 171 1122 1231 23788 1268
339 205 752 1226 1999 704
129 202 1386 1396 25403 1332
359 400 521 1098 17740 320
353 347 235 547 11698 518
230 141 727 1122 3194 361
134 334 553 630 17077 125
151 310 246 1279 20836 1344
25 37 648 1323 8418 521
370 302 935 1145 11853 1349
196 106 461 1104 11921 799
119 222 588 1088 21043 1067
33 246 922 1198 14124 1144
220 17 190 896 2797 318
123 365 989 1003 26850 1168
264 68 1064 1391 22282 62
312 192 1128 1140 17069 1425
144 203 874 1437 18886 1138
376 154 711 778 21384 540
270 43 584 917 7801 1167
132 15 19 42 12082 922
352 94 512 914 26010 791
285 44 360 1365 2351 1380
180 194 746 774 8632 888
151 76 698 1311 2413 1086
55 361 666 1376 19782 534
231 265 523 1410 14546 813
126 41 867 1006 1685 593
56 14 1315 1364 20902 182
337 35 1056 1091 690 401
57 26 388 581 15558 1306
365 313 867 1429 3045 1421
53 397 1290 1385 20637 301
242 69 47 468 12658 516
92 45 380 401 27042 380
27 400 304 1367 7856 325
344 179 933 1281 10443 857
369 265 418 1424 440 1094
165 264 468 1042 23479 847
11 130 967 1140 9989 1356
131 397 1374 1392 2553 40
318 190 387 1152 20008 1246
389 26 619 773 25534 669
375 71 588 1376 4211 1171
339 315 600 1181 9856 1161
235 94 69 910 9825 1250
359 70 55 548 15146 850
301 357 621 790 19752 177
211 60 1063 1366 26803 61
254 99 114 144 11718 1401
112 183 1273 1285 16029 870
336 308 1397 1437 5156 1309
87 306 593 1429 15843 856
142 84 1000 1043 18354 869
16 379 1285 1318 11729 637
357 220 93 1301 8929 410
336 26 1293 1376 12292 163
379 74 930 948 9460 156
288 277 360 695 8029 1008
187 182 714 1312 17010 17
240 20 517 915 15411 1088
322 64 1220 1426 173 23