40
231 173 1137 1283 1 904
50 323 985 1212 1 1309
267 166 181 1174 1 0
328 42 1121 1333 1 214
71 29 862 1060 1 26
251 258 477 909 1 354
74 77 1164 1296 1 45
366 23 1010 1377 1 308
357 113 983 1214 1 1065
45 166 880 1220 1 891
62 25 974 1147 1 273
280 283 976 1340 1 1430
160 366 1427 1438 1 1078
238 194 842 867 1 774
229 242 701 1052 1 1379
65 388 1176 1361 1 1414
43 22 414 928 1 1391
340 44 146 1372 1 1171
180 265 254 452 1 400
125 253 1222 1327 1 151
64 239 678 1182 1 1058
62 178 1276 1431 1 664
197 210 306 370 1 562
177 131 1130 1377 1 1081
102 147 581 1113 1 666
110 151 928 1320 1 488
123 349 368 771 1 986
180 62 1060 1227 1 722
290 169 1038 1277 1 638
345 213 911 1173 1 666
275 61 547 841 1 1393
135 296 220 1411 1 622
194 366 937 1327 1 478
148 60 334 883 1 1105
52 77 218 1418 1 350
203 40 343 1314 1 1157
295 75 1129 1260 1 590
264 189 472 499 1 1365
173 386 1346 1417 1 68
143 107 196 1228 1 912