40
261 1 1 503 8183 360
297 1 1 1316 1915 156
235 1 1 1423 13564 56
334 351 1 1065 7691 22
30 47 1 1148 362 108
363 26 1 1326 5523 766
93 109 1 1383 19816 141
104 125 1 1206 24128 1010
116 73 1 914 24709 1073
254 348 1 959 4707 1218
194 79 1 1140 12035 222
53 374 1 1329 3493 513
269 37 1 966 10952 1403
98 115 1 358 22184 498
245 254 1 740 10716 450
32 263 1 1322 2756 820
375 132 1 1380 3114 474
120 396 1 1361 7476 1312
365 250 1 1182 1661 327
314 248 1 1344 25295 228
15 71 1 661 18848 1192
263 181 1 1427 8329 381
241 339 1 1062 24022 884
160 63 1 1402 24113 596
60 47 1 367 10106 1008
9 238 1 1162 8886 1164
368 89 1 1220 20206 417
191 399 1 629 18921 1220
249 287 1 1147 9597 478
298 250 1 1000 19398 412
7 383 1 790 21193 1366
37 341 1 1217 22961 956
28 228 1 910 6095 226
101 312 1 1429 26709 426
75 37 1 1197 16585 486
76 387 1 595 5347 142
307 227 1 1390 24712 629
311 382 1 342 7366 255
361 150 1 1425 17270 286
203 393 1 1254 1838 676