197
383 391 1281 1286 1599 49
378 381 169 636 623 33
188 11 291 294 1533 85
17 21 264 1268 47 980
194 19 1349 1349 169 62
93 192 991 1349 84 56
189 213 958 1036 58 23
176 99 1398 1398 97 14
11 133 4 1376 288 40
206 311 217 1247 3291 91
68 192 83 180 309 52
205 242 832 1435 1222 83
69 209 13 445 51 108
9 187 1036 1357 868 31
91 206 58 441 457 95
88 208 848 848 3674 34
174 214 1402 1402 326 19
219 24 80 168 1864 66
69 12 1263 1263 389 300
24 20 1287 1440 2401 50
202 7 1387 1387 712 108
392 377 202 1254 726 58
371 198 596 1404 171 38
200 12 44 58 164 46
348 97 142 517 251 13
383 385 1263 1263 2449 943
47 181 1143 1143 435 82
200 3 692 776 347 25
180 6 62 141 2346 90
2 359 73 1083 346 344
177 263 784 784 401 71
391 378 1277 1277 5569 558
100 101 1003 1003 1562 33
165 151 1383 1383 3593 64
116 214 72 571 499 21
171 321 56 1344 307 76
184 4 1350 1350 192 106
320 198 712 712 109 14
183 12 1 73 102 14
201 386 1413 1440 66 558
393 69 1041 1041 308 94
226 250 303 1022 276 15
71 215 849 1217 2788 105
112 183 643 643 155 51
8 4 1203 1440 51 30
188 197 36 42 3123 786
69 206 287 1361 253 25
266 391 190 1101 1827 604
193 205 2 35 2684 162
211 12 928 928 209 18
154 375 1374 1374 309 77
215 9 292 624 2796 42
266 81 27 838 282 82
79 129 156 1373 403 65
182 7 19 755 271 48
14 69 313 366 2714 67
10 7 1299 1299 11 46
108 184 45 903 75 80
290 183 1219 1219 213 91
187 204 1438 1440 32 1337
193 22 1423 1423 67 27
281 329 64 1244 79 19
314 271 1401 1401 72 57
304 386 1348 1348 381 454
15 47 244 1254 55 43
219 20 756 1439 178 49
335 212 1251 1251 79 42
390 396 69 1295 656 44
319 26 447 856 152 88
285 66 747 747 72 12
89 105 16 1363 387 92
16 218 223 849 115 61
394 385 1250 1296 57 14
130 182 351 372 633 48
74 288 84 1170 3639 59
69 197 1020 1020 156 16
319 380 1308 1371 149 295
252 69 1027 1077 135 44
383 375 69 345 24 57
375 380 1273 1273 2579 35
52 68 1343 1343 353 63
157 16 1340 1400 100 42
164 32 801 1416 297 92
69 16 96 799 400 13
4 17 210 1292 35 51
153 139 117 198 306 83
327 236 1094 1342 142 15
386 240 363 723 546 29
355 112 873 1120 167 38
194 148 1426 1426 240 569
27 173 1422 1422 87 71
360 34 229 1383 1907 42
202 239 35 1380 54 86
202 17 292 1415 2301 11
105 369 72 1429 265 24
105 316 1414 1440 2990 18
194 5 738 738 205 10
321 152 872 1397 346 40
8 13 220 220 2188 56
218 19 655 655 3342 34
40 206 1358 1358 353 48
289 80 284 290 377 80
252 373 1437 1440 351 108
344 340 1383 1383 52 59
205 194 64 138 1897 323
182 16 119 1409 1877 45
237 209 96 159 144 59
275 69 17 815 2116 72
32 48 262 544 2176 688
20 188 957 1347 421 106
199 12 1348 1348 443 263
102 198 738 738 221 43
13 147 1420 1420 609 95
374 213 1397 1440 336 92
389 207 1180 1180 392 96
276 373 195 1430 62 538
373 8 834 834 1178 454
197 13 825 1417 943 88
19 199 115 1436 120 91
69 128 467 959 366 104
310 12 69 1426 391 60
335 352 7 437 272 27
387 380 247 247 307 48
219 203 31 1366 22 145
219 310 1132 1132 1255 23
398 385 1274 1279 2848 35
98 187 1411 1411 404 67
172 125 122 203 122 61
102 209 536 1430 150 16
77 283 379 524 997 86
39 217 1439 1439 3007 54
385 73 409 560 2678 60
289 161 628 1091 364 57
180 6 4 817 82 109
74 1 753 753 54 95
363 208 1390 1390 257 104
256 273 24 1377 1245 81
27 184 942 942 3833 26
327 261 135 1383 286 268
328 5 27 1064 214 50
206 137 8 49 413 14
363 109 1249 1249 1125 96
152 13 266 1332 1051 47
207 209 29 1334 3049 1091
397 31 1112 1112 356 81
31 320 20 205 3299 25
389 387 274 549 3274 896
144 145 1200 1415 1695 109
122 319 75 537 155 642
196 16 100 129 3912 77
17 195 950 1010 1490 25
335 282 621 621 2028 35
273 110 620 698 68 12
80 191 984 1248 248 23
250 218 484 1402 419 28
44 2 1269 1269 3600 992
52 205 50 1418 362 29
207 292 772 1433 62 90
10 0 1290 1290 49 944
186 202 84 1351 3457 100
360 181 7 1283 276 78
282 80 869 869 339 45
332 179 1343 1431 438 80
189 15 1403 1421 261 73
380 54 1378 1378 943 56
349 159 1389 1440 271 18
69 3 1083 1407 411 14
18 216 360 617 53 86
141 394 505 505 53 94
15 187 1267 1267 386 54
309 201 379 1066 130 79
210 23 776 1341 312 63
353 142 35 35 285 60
200 8 296 856 270 19
214 4 294 320 356 104
186 18 1055 1140 132 10
196 248 1357 1357 73 16
189 24 27 317 259 90
83 240 514 1373 398 129
366 198 473 1199 295 87
378 399 267 493 3781 727
396 386 133 133 11 5
251 355 26 1369 1740 74
228 275 224 502 190 97
271 207 21 1421 414 309
248 193 1033 1033 301 280
355 108 29 64 340 57
210 0 800 800 178 101
49 210 831 1413 264 84
203 12 1407 1407 438 31
5 216 480 480 341 29
23 5 298 298 17 13
59 200 751 1097 325 384
382 394 232 1294 1491 32
28 380 1436 1436 86 71
207 207 1429 1440 2608 124
233 278 1180 1180 155 40