59
367 271 949 1041 282 102
214 17 1426 1426 52 29
95 69 1123 1123 437 92
86 151 17 293 161 59
200 200 0 1440 18461 720
187 18 200 1359 629 107
188 10 1214 1214 2704 29
207 22 774 1414 1384 41
294 142 624 1413 135 108
347 98 1385 1439 2896 101
160 200 51 296 430 15
214 18 331 331 1313 71
238 10 1385 1385 259 92
297 198 1253 1402 144 89
292 266 658 822 155 18
201 173 1357 1357 1282 68
196 17 683 683 363 39
187 9 1207 1207 394 39
158 203 1378 1440 88 88
242 240 1212 1237 99 104
56 179 1059 1059 1586 62
237 173 44 832 298 97
7 183 1117 1391 2220 28
191 18 519 1364 94 96
69 2 1259 1259 3843 69
198 202 1419 1440 12539 29
397 377 207 1295 5213 25
7 13 240 445 27 52
98 297 1348 1413 73 256
226 43 37 1123 335 82
69 9 731 731 319 104
189 10 435 1410 380 97
392 197 646 646 1706 102
268 228 55 703 335 66
358 164 1382 1389 289 83
189 6 1136 1434 168 82
285 263 1278 1278 267 65
328 181 873 1081 294 34
214 193 1234 1440 982 42
169 193 131 1407 184 68
111 51 606 606 165 16
195 22 1360 1360 117 102
40 7 69 1261 4070 20
57 237 591 591 246 63
392 389 69 1259 44 32
211 79 237 1432 385 389
380 373 228 460 4167 27
114 210 17 858 445 109
1 22 918 1169 2007 39
57 213 1288 1288 417 353
207 9 827 1341 368 53
349 217 533 1335 170 694
55 251 285 1219 186 34
262 197 1340 1340 172 68
64 175 281 649 440 55
211 290 33 1387 344 413
247 186 749 1364 158 60
69 20 131 649 147 51
399 26 2 703 989 624