60
207 4 1361 1393 427 557
9 298 98 539 179 33
69 2 90 90 189 83
69 2 1101 1154 299 106
7 203 1237 1310 81 13
214 24 1241 1241 3338 88
171 246 432 998 161 64
79 213 1376 1376 29 89
186 3 750 1432 397 10
387 394 226 450 4426 79
321 210 47 1403 345 563
8 182 220 769 374 89
219 3 721 749 126 86
43 215 1053 1053 152 99
368 328 1362 1362 310 75
78 69 1350 1350 153 57
347 45 705 1435 328 59
377 383 30 985 798 7
208 205 84 163 677 302
105 279 1417 1417 308 51
379 256 633 633 1067 48
16 185 187 211 396 11
186 19 535 535 1225 89
4 2 361 428 5186 199
209 192 19 74 12 256
197 213 22 45 13 154
287 383 89 185 129 58
206 204 247 270 3314 102
379 203 354 354 59 25
222 182 43 43 2529 24
293 254 241 1005 361 95
21 9 211 1284 777 34
120 386 158 1433 244 70
286 165 1230 1230 903 91
376 375 285 1288 350 489
204 199 50 114 15 1211
237 220 525 584 276 56
182 212 698 1402 2332 241
327 7 1361 1422 404 30
204 351 91 1399 141 95
289 105 1415 1415 174 40
20 23 731 731 4966 17
98 196 1075 1075 262 90
316 147 98 156 3637 95
192 8 1344 1344 216 49
370 69 878 878 133 72
205 0 38 80 106 440
336 45 54 653 98 49
339 255 1073 1144 210 16
377 49 974 974 324 92
213 364 60 151 2452 37
69 12 56 1358 371 107
337 257 210 1401 274 50
12 11 1283 1440 5288 602
23 6 953 1425 1120 993
49 136 789 789 1923 24
57 225 1385 1385 3808 43
52 388 368 398 189 74
151 160 437 607 442 73
197 295 941 969 146 101