200
232 74 1369 1369 427 25
137 217 791 791 385 20
124 242 169 486 562 103
230 101 0 698 429 99
85 190 887 887 2087 47
218 181 45 692 1139 154
326 83 1371 1375 403 44
62 249 637 637 65 39
203 11 1169 1169 436 85
247 353 1357 1357 423 55
364 219 1351 1431 1021 94
383 384 288 1266 3284 344
306 185 1258 1388 3358 30
191 3 911 911 286 52
210 183 1365 1440 13626 384
49 219 654 749 149 81
148 348 170 176 333 86
396 205 1365 1365 338 91
194 14 241 335 154 54
196 4 349 349 328 35
141 181 272 494 1624 72
300 69 1413 1413 2797 52
57 285 1205 1205 219 56
265 205 939 1023 81 78
186 213 13 97 2124 116
182 270 349 1430 3525 82
380 384 275 1250 1755 49
208 2 1305 1305 1635 97
372 182 92 769 380 100
321 230 448 533 275 63
72 259 51 816 329 115
120 332 773 1009 208 16
379 276 1114 1423 59 18
267 333 1287 1288 1280 87
121 147 49 1294 1857 32
205 264 705 705 52 59
182 4 1362 1362 982 103
213 8 1435 1435 235 96
199 15 95 1129 333 99
389 379 277 497 54 53
387 391 522 522 2183 56
371 216 328 1346 323 32
231 186 81 224 427 63
376 360 200 1276 11 14
190 2 651 651 89 84
123 190 1348 1348 270 40
228 196 1278 1297 426 24
51 213 1042 1175 56 43
138 280 1211 1211 2954 65
392 396 69 270 5544 309
195 23 901 1439 2785 109
191 2 1393 1393 325 51
238 28 737 737 361 11
229 329 1349 1399 371 89
394 78 689 689 987 96
212 22 427 1371 172 480
203 6 24 1358 3490 217
126 150 1418 1418 135 20
111 40 8 11 203 56
393 186 287 944 147 93
263 98 932 1413 83 504
199 113 1437 1440 150 44
13 24 296 535 617 36
115 183 422 496 154 34
375 192 1187 1187 87 54
7 377 1433 1440 127 46
54 198 726 1349 1644 88
209 198 38 80 2195 37
125 355 1351 1351 3263 20
110 2 246 914 295 108
13 41 1279 1279 777 720
292 200 1356 1418 157 48
281 42 24 1110 1568 43
277 209 1334 1334 1832 21
144 96 1254 1254 387 28
328 318 781 871 328 87
312 20 679 679 275 60
398 390 273 1280 38 52
145 330 1317 1317 294 39
24 5 269 269 35 6
218 8 51 753 377 49
212 13 1404 1404 3919 107
340 84 1430 1430 211 22
202 17 627 961 338 321
180 302 708 759 233 89
202 2 1034 1071 285 76
24 69 939 939 104 103
186 371 1410 1410 211 104
16 208 1363 1363 3778 85
23 216 39 39 178 102
24 188 577 617 86 109
138 385 601 1030 2753 50
392 81 1264 1264 56 314
191 193 228 319 42 277
15 180 1341 1341 2967 10
184 207 17 95 55 57
69 5 776 802 330 78
208 5 359 1308 2637 41
378 161 101 169 2186 598
177 106 250 671 253 37
378 190 80 894 96 46
202 27 533 871 218 63
11 372 619 619 1161 87
115 211 451 650 432 101
187 23 1130 1430 975 63
196 23 1220 1318 64 46
189 9 932 932 196 88
176 69 758 843 82 39
359 115 1237 1389 127 44
301 194 1257 1306 287 15
377 15 1409 1409 394 25
211 14 1351 1351 2405 559
199 8 598 1425 185 22
148 237 535 535 3777 101
76 69 848 902 247 579
58 88 1339 1434 133 109
304 366 787 787 412 24
165 181 1354 1374 427 21
62 194 914 989 84 82
54 271 1341 1341 150 47
370 156 197 893 133 63
132 28 1430 1440 400 83
39 360 206 206 141 88
171 376 1345 1345 1034 66
286 185 1094 1429 387 169
371 150 698 772 221 42
183 10 166 750 135 77
200 243 831 890 1534 42
184 10 123 999 3736 83
12 14 238 452 57 54
103 112 853 853 229 352
151 188 1420 1420 317 78
355 184 906 1419 214 94
172 190 1261 1261 340 318
190 12 1341 1341 342 31
12 9 200 410 366 9
162 165 401 401 264 66
264 138 500 1384 74 96
104 55 1432 1432 52 85
381 392 241 1284 2641 8
165 213 530 1388 389 68
387 163 273 275 192 40
14 211 6 770 245 109
38 214 249 298 350 102
280 305 1386 1386 104 572
383 398 275 1278 1510 921
304 190 1156 1156 113 67
8 0 1260 1440 1907 30
163 188 1389 1389 263 20
219 1 1395 1395 418 18
101 209 650 679 1373 47
206 18 11 489 54 105
112 203 1115 1115 351 373
339 202 754 951 132 369
398 382 1063 1063 2809 846
205 211 1058 1105 525 300
358 179 905 1381 1096 100
192 180 1205 1205 313 102
69 4 1424 1424 343 108
31 368 908 908 2372 82
361 151 36 1029 302 16
25 276 1305 1339 1358 57
58 218 81 1193 430 63
38 69 1394 1394 439 90
21 13 1172 1172 44 49
217 24 708 1376 3258 43
9 16 1207 1207 35 38
383 396 245 1267 3243 858
26 237 78 1032 2039 12
375 126 187 187 400 81
196 209 15 52 3523 336
194 10 609 609 337 99
52 164 503 1406 326 109
365 306 26 904 221 17
109 258 774 774 280 40
380 389 1296 1296 102 51
319 180 41 239 437 106
110 69 3 1413 290 79
333 124 814 814 245 26
86 200 734 734 275 37
392 385 288 1260 3495 11
162 150 724 724 218 108
23 7 254 1281 4314 266
154 80 1370 1370 317 102
109 51 1359 1359 358 101
2 10 1273 1440 15 14
21 3 267 560 4985 439
206 69 1040 1064 70 92
197 16 263 1345 144 67
18 5 735 1031 22 12
217 14 1185 1185 1744 478
217 209 45 1300 2603 236
197 11 583 1354 373 94
202 20 604 671 1058 82
14 24 263 502 5213 475
280 134 1375 1375 418 105
180 22 1360 1360 419 77
182 10 959 1348 227 79
52 33 287 1428 234 21
186 2 742 751 775 294