53
330 315 97 1405 3068 43
219 208 1359 1416 1207 89
152 244 711 1124 465 10
237 56 963 1023 270 25
18 191 310 1115 313 22
397 387 245 516 44 918
213 24 1369 1369 3488 29
203 8 481 1393 2675 185
37 58 943 999 265 23
8 333 1378 1387 3596 63
333 232 35 1066 248 32
353 373 69 334 5371 640
262 8 1426 1426 334 62
58 349 509 509 331 64
168 184 1426 1426 57 108
356 218 1424 1436 99 57
343 367 1227 1227 101 44
113 204 998 998 164 107
15 7 1296 1440 1809 43
114 314 105 117 434 85
140 195 757 1108 423 11
77 201 1271 1340 1325 87
93 84 64 792 3912 549
375 379 257 1271 5451 25
69 20 791 791 339 15
69 206 1407 1407 202 15
239 51 163 813 2995 38
22 15 297 497 3287 891
135 49 1214 1214 237 58
353 188 1340 1437 410 58
304 77 26 1316 340 26
119 292 1043 1043 341 74
188 8 1284 1351 67 66
238 198 1365 1365 394 37
325 397 223 891 222 83
393 217 1421 1421 438 646
51 206 251 1085 343 102
69 14 99 203 1335 53
394 387 274 274 34 477
0 207 690 690 353 22
240 117 1287 1298 232 39
289 176 489 583 168 47
262 206 981 1208 243 15
124 94 715 1415 3864 94
250 362 1130 1293 401 68
375 386 69 1270 2910 11
395 129 984 984 181 585
394 353 69 1252 637 57
353 69 1414 1414 139 19
22 69 1352 1352 213 72
152 110 28 365 250 289
192 15 133 719 1118 47
397 387 54 69 3519 26