199
273 356 141 201 296 24
97 68 590 679 635 85
267 150 407 1363 270 27
193 208 55 149 2591 1066
91 311 1424 1424 340 72
203 158 59 764 1800 94
393 383 201 1271 420 51
256 399 1351 1351 196 50
200 6 1370 1370 174 85
266 371 37 535 304 10
392 273 1279 1279 214 55
222 180 559 833 216 60
52 235 1183 1183 336 29
197 5 1303 1303 258 58
84 192 72 1113 89 54
11 6 1259 1281 5433 21
192 198 87 173 715 100
69 7 1341 1341 145 26
214 324 1407 1407 360 77
107 255 481 570 130 43
202 196 93 104 3776 81
344 375 1000 1368 95 100
212 297 844 898 161 66
188 357 682 1401 221 98
21 11 232 493 230 57
200 200 0 1440 1333 720
5 24 295 1283 5794 20
215 188 330 1380 54 469
15 202 469 952 54 58
69 199 933 933 429 5
337 370 67 577 305 27
15 64 974 974 185 78
69 1 388 1392 147 61
374 216 1401 1401 312 81
334 205 1358 1432 352 21
172 222 755 755 2051 31
267 185 282 1097 3732 78
40 331 1372 1372 57 94
291 173 702 1423 1333 63
209 24 1439 1439 2829 44
295 202 237 270 306 358
358 183 54 65 359 41
290 273 1196 1405 251 65
25 316 211 1002 53 68
69 21 263 321 395 61
149 89 36 506 316 61
194 308 642 1042 106 76
208 17 321 520 2384 88
180 207 234 789 188 106
199 24 257 344 255 97
194 11 955 1339 216 47
385 388 285 1284 18 888
184 20 129 380 332 74
332 115 502 638 335 14
20 11 239 479 5518 254
128 191 865 1227 110 77
11 127 1140 1140 431 72
3 164 97 158 1402 59
204 7 1364 1364 128 20
198 367 583 1398 193 18
114 184 495 983 425 52
146 22 642 1429 132 21
193 2 1434 1440 65 33
144 22 126 195 3651 84
185 209 90 1384 3783 17
176 352 610 948 228 33
69 0 1411 1411 271 20
316 379 172 172 2517 78
396 157 1277 1277 233 81
190 24 35 1300 313 84
155 219 799 841 268 40
79 194 90 865 269 83
234 188 96 1367 425 80
30 235 76 1402 349 27
192 69 1345 1345 292 41
4 176 842 1375 164 97
63 4 470 832 1651 107
10 12 240 440 816 37
293 255 325 1353 139 57
203 151 470 560 417 94
300 201 115 672 177 105
144 301 1084 1152 343 43
201 151 20 70 127 576
18 188 90 1433 169 67
215 16 1434 1434 1095 35
188 184 1364 1440 3179 60
69 213 129 228 72 80
254 274 105 1267 366 64
391 26 84 1373 432 94
70 392 1360 1360 119 20
189 195 17 1401 3019 918
199 10 1434 1434 369 64
1 20 292 519 17 30
183 2 1438 1438 353 96
366 77 266 319 326 21
332 193 924 1022 1163 45
348 198 780 1416 65 28
122 353 1285 1355 349 274
105 7 87 1197 84 19
308 104 1110 1110 235 666
188 10 1348 1348 71 107
116 211 1323 1328 182 100
342 42 81 835 354 385
10 1 1297 1440 946 49
377 379 44 293 4639 19
190 6 1429 1429 364 75
201 188 827 905 42 281
5 194 1399 1440 313 47
210 114 90 500 2360 36
261 30 904 1005 2078 260
378 392 1198 1440 690 6
204 10 1409 1409 207 30
225 204 159 159 395 109
379 376 69 1258 258 45
124 220 19 706 320 62
380 31 1421 1421 1087 17
187 21 1407 1407 305 40
194 211 62 1211 653 339
216 181 96 125 820 317
399 213 685 685 109 75
235 202 1389 1415 3933 84
399 381 234 234 844 57
2 212 898 1130 82 69
292 15 154 974 62 94
14 18 249 1269 1581 866
34 80 46 1190 3363 24
158 238 217 356 107 54
174 190 1378 1378 243 77
391 376 513 513 557 55
248 187 58 1347 259 42
131 77 859 859 146 23
361 204 793 1045 168 100
361 218 531 801 270 71
262 184 61 279 64 26
219 23 1035 1068 1737 94
17 8 1102 1395 4219 779
14 290 1407 1407 85 21
130 286 281 291 1277 68
353 4 1217 1378 235 98
186 211 1359 1440 58 425
306 71 1187 1350 366 106
348 218 387 1181 61 95
15 193 380 444 95 631
257 0 950 1340 115 52
368 117 1414 1414 214 59
149 69 1178 1178 265 456
376 380 313 585 1809 549
200 187 11 84 2627 162
249 215 1259 1389 3330 13
211 8 168 316 431 15
263 32 68 204 91 91
378 397 1263 1440 2375 10
30 184 1109 1438 104 103
190 205 1401 1440 7019 369
15 16 293 511 2957 36
286 20 540 1385 56 109
210 188 64 115 2750 779
376 395 229 1252 3293 250
120 193 511 511 252 88
180 180 700 1191 218 29
358 391 283 501 40 44
69 69 850 925 98 67
8 218 35 1212 275 31
32 246 1048 1318 715 80
316 205 850 1019 118 77
186 2 479 1026 87 57
0 5 1268 1268 3356 921
259 32 1395 1395 106 25
296 186 430 865 247 60
201 214 589 1372 1504 944
43 149 223 462 423 108
105 41 101 595 312 21
118 248 688 715 400 104
138 207 1062 1062 769 23
40 351 1426 1426 146 45
3 14 205 470 3762 27
196 168 122 929 354 55
203 12 1419 1419 221 13
206 13 476 524 3432 73
181 24 643 1378 330 20
73 37 1401 1401 71 697
181 208 1350 1359 993 63
219 199 72 105 30 424
200 13 1096 1096 1776 32
198 2 1397 1397 271 53
184 6 558 558 1470 82
197 19 1118 1118 1241 61
75 196 1369 1369 203 99
22 8 1257 1258 3769 28
341 286 793 898 339 35
278 219 1398 1414 952 77
82 135 486 1245 100 107
102 202 829 915 149 17
204 12 1435 1435 284 49
209 186 1414 1414 1751 899
211 15 1355 1404 82 532
33 263 1040 1040 320 108
139 19 809 1343 1676 16
96 312 819 868 113 290