60
144 273 317 1191 9560 848
56 334 247 1297 11700 511
111 269 186 1295 2471 410
45 350 124 1038 6797 681
64 340 197 1259 1341 598
160 264 89 1093 5225 511
159 279 333 1111 6203 755
46 352 255 988 5708 649
111 257 264 904 3674 461
67 344 212 1071 7997 485
155 298 180 631 2734 227
48 368 25 834 15691 403
9 177 60 1042 14064 895
51 345 22 1203 12959 505
139 310 55 1024 15662 317
29 164 137 1198 2684 493
118 271 353 1325 19150 563
36 206 0 741 12161 22
28 156 242 1161 6116 840
69 341 18 594 15123 137
19 160 306 1300 4470 807
141 278 263 1291 2382 757
29 187 260 1184 3508 871
57 182 263 1168 16391 483
124 299 60 1093 18828 975
25 219 152 986 11780 549
44 314 76 698 16182 103
29 196 83 834 7694 632
60 348 74 1184 18066 602
49 183 318 1276 15271 830
30 179 97 1148 3950 692
152 289 97 1141 1782 731
64 362 530 1417 17263 746
123 271 188 1277 12012 822
16 338 150 558 3614 252
161 282 327 1386 6177 563
144 275 13 788 12179 722
137 299 159 1406 12616 1067
27 191 28 732 395 242
0 185 280 1157 2313 566
23 195 519 1212 13578 584
110 280 129 1052 17583 659
41 340 207 1244 15886 1034
12 346 196 768 16186 397
59 193 164 748 219 428
23 197 143 651 18433 307
64 175 184 610 4072 259
151 258 185 934 11474 679
64 348 241 1302 19456 963
56 347 424 1157 16420 629
150 298 363 1305 12238 935
66 339 367 1101 351 684
111 281 497 1373 7360 504
22 345 63 1336 1099 1042
17 199 137 558 7118 289
17 341 219 1105 2334 860
32 183 97 1356 16367 563
12 345 113 959 4258 173
50 164 91 1242 10341 688
110 300 155 1240 7985 300
