25
207 338 234 1133 2648 416
193 321 369 1331 9583 703
185 327 288 1086 12109 499
235 342 1 1105 16244 565
249 123 127 1159 10193 463
220 306 397 1290 12006 511
240 309 133 1062 19123 421
220 338 128 936 16824 606
179 353 194 802 7477 429
205 355 323 1114 10633 629
197 332 139 947 15414 154
213 324 10 1270 7160 1183
215 118 230 779 9112 373
256 292 217 1248 2675 470
212 324 333 1038 4304 671
248 125 329 1200 6558 568
212 122 338 1310 18042 689
212 306 215 650 14165 405
219 134 280 864 10997 533
230 122 134 1422 6567 1167
216 345 224 1073 12345 428
219 315 198 810 7074 418
210 149 25 1064 14883 278
225 121 485 1159 5352 609
212 305 42 661 5843 521