200
283 333 83 1007 6635 119
247 331 177 1411 51 410
48 19 2 950 4190 877
38 102 234 763 17950 442
275 188 87 602 5449 90
295 175 254 1251 8943 917
295 185 206 1102 1265 682
30 99 21 1069 1543 631
269 107 377 839 6002 391
271 320 293 935 3252 437
19 131 30 786 18708 325
58 270 429 1434 4856 621
99 40 91 1066 4138 786
100 12 283 724 13115 409
256 54 191 1322 5611 359
240 46 311 1364 7376 463
40 87 322 1290 12830 908
34 248 136 663 3221 367
280 117 548 1201 1071 623
315 214 318 1043 13560 694
128 8 46 657 15007 563
55 94 184 1284 8475 618
252 106 381 1006 10022 502
167 110 177 1264 16968 523
160 73 377 1279 11752 614
59 263 135 1363 3894 1157
65 299 222 715 16039 279
295 236 369 1227 11466 614
238 67 55 929 8398 411
268 104 20 377 12010 330
84 117 106 654 11648 398
148 57 215 1275 6426 966
45 289 143 660 7367 349
311 169 366 858 7932 428
204 73 438 1132 18438 662
300 233 262 979 14676 447
122 0 194 1228 15119 678
123 80 104 1352 4291 841
211 60 233 928 7382 361
66 267 59 1425 9891 509
33 269 101 720 18713 109
81 24 329 1353 6871 902
132 122 157 997 1343 347
117 95 467 1079 19679 495
157 70 333 1150 1344 512
40 110 118 1007 15877 121
245 326 117 1032 6442 663
48 286 101 1208 2667 853
14 252 155 1426 19797 545
12 136 134 1292 7760 537
136 71 287 999 15575 440
189 96 458 1280 14691 592
250 101 307 978 3057 437
234 80 378 1269 3755 702
75 25 399 1062 2579 563
115 81 103 807 16582 421
81 57 249 699 11073 366
25 292 280 1133 13770 767
73 102 259 1293 9260 487
106 126 115 1205 3264 1011
261 53 95 896 3440 641
293 90 204 1163 11093 289
263 320 15 781 17625 94
85 123 340 1297 8433 755
279 93 108 1211 10887 626
150 66 344 1289 3518 781
67 7 292 1391 2565 624
54 287 48 1295 15510 644
48 94 123 1240 16140 684
103 140 509 1353 13405 532
263 79 69 1356 18214 794
136 67 119 1036 10671 402
227 116 280 1314 10957 992
88 281 575 1258 2407 591
289 257 422 1439 18708 981
278 244 336 1150 15370 563
144 89 339 1275 8881 746
131 58 225 992 322 706
11 228 206 920 2528 488
222 119 109 1162 11587 264
70 284 158 1409 10049 878
272 141 66 1212 5729 998
304 224 294 802 335 454
131 110 386 1057 14645 577
251 30 172 756 19913 483
130 129 14 726 8773 565
114 146 472 1191 6296 666
2 275 265 1358 18602 536
90 15 196 1166 14710 587
59 282 24 629 8021 172
102 130 408 955 17683 491
116 127 230 1270 5597 623
297 232 285 823 2170 338
35 245 207 755 7233 426
105 121 193 1190 1520 976
198 70 238 921 13955 614
43 310 104 379 17084 248
265 76 257 1275 17063 546
136 89 70 1194 9428 1020
156 79 278 1199 12246 469
256 344 0 1066 15141 422
35 115 203 1071 17194 818
111 16 151 930 76 403
79 286 1 758 1823 298
282 320 275 930 8900 532
190 89 356 1196 5002 769
122 95 94 690 10535 301
43 78 315 1190 3787 597
35 259 193 1230 18504 907
72 280 372 1115 3372 723
94 48 336 1286 17668 703
276 180 534 1268 135 596
52 99 519 1409 5759 662
260 106 14 1092 6160 800
52 106 87 1018 12853 709
281 100 6 623 14490 505
34 99 13 1158 15995 719
307 259 401 1269 19030 589
57 255 459 1336 2300 827
272 339 540 1383 8288 762
148 72 122 943 7702 702
257 333 119 1374 14031 920
64 324 318 1348 5989 360
103 94 268 1226 16993 326
80 78 98 1418 2323 812
105 173 153 709 19616 515
81 275 141 1223 3273 435
139 143 48 643 15464 592
32 293 293 1353 16697 1009
252 103 14 927 3988 608
280 151 145 564 11581 406
26 257 67 597 12065 465
301 169 242 978 4932 380
41 305 117 1293 16851 174
97 46 138 807 9473 430
58 290 417 1118 7500 595
208 117 12 1111 6803 745
65 322 87 945 1709 799
306 222 231 1204 14686 954
266 87 237 1297 8625 918
67 273 609 1356 7940 686
13 252 175 1126 16054 711
241 320 47 398 7488 138
260 58 94 682 2534 290
271 319 1 814 8659 712
303 213 282 771 11464 477
54 123 456 1097 8347 625
275 179 198 1409 19159 675
266 48 77 1075 3641 745
288 183 162 1142 18104 474
100 128 286 1166 10839 768
41 69 210 897 18392 499
134 82 12 851 8834 835
75 85 154 919 10272 403
198 101 86 1120 13143 336
271 69 187 567 17302 209
91 289 98 1176 13453 913
82 135 338 1001 6966 551
125 52 146 934 8338 562
274 174 353 1315 17679 677
68 222 405 1058 11155 531
146 93 235 1261 5390 873
57 300 456 1058 10412 496
288 177 87 785 12207 462
110 149 127 493 11754 148
301 218 191 1049 14320 755
177 111 225 969 11547 634
236 73 75 802 16650 185
302 168 357 1063 13102 450
119 93 342 1093 13648 478
23 234 256 1362 13301 590
15 111 263 1047 16270 658
53 274 137 953 15607 789
88 311 168 1321 2496 999
35 151 164 1264 16284 816
286 316 68 672 13512 320
270 313 38 527 19544 305
254 111 444 1379 16894 883
320 206 38 1070 17402 171
92 156 352 1438 60 1064
19 252 86 1039 9434 713
311 252 82 1403 7748 701
350 211 233 1101 4415 616
120 164 259 871 1120 478
64 280 225 944 747 657
120 100 313 1035 8553 578
82 166 84 850 9622 714
86 109 180 887 13982 581
207 96 28 364 4585 179
27 116 74 1046 14196 963
277 103 71 879 18036 437
73 292 199 799 15075 355
9 107 164 1156 9453 837
217 105 85 872 2099 767
20 250 482 1075 12723 529
99 81 131 1274 16837 525
87 146 443 1154 18077 656
69 102 123 1037 17502 682
81 286 236 811 19460 254
85 155 41 1335 17217 891
