25
85 262 174 1329 17414 1030
50 223 42 1222 14821 822
225 168 7 1231 13586 532
209 270 77 1084 4897 423
180 136 137 1299 11104 484
264 268 155 786 12817 235
198 293 120 889 10985 133
211 138 327 1232 1003 500
53 217 17 1003 4214 443
259 291 165 1307 4645 903
202 180 101 1185 18997 297
169 266 34 1060 19340 836
181 274 240 1317 18128 862
295 286 263 1110 18048 269
271 286 233 1227 14956 484
161 133 353 1085 14955 643
55 259 546 1230 3049 601
95 244 142 1060 10884 575
158 253 524 1335 1474 807
147 270 1 1208 11780 960
205 155 99 1043 1819 371
261 272 313 1401 10525 464
290 273 138 1129 6447 686
42 277 167 1397 3043 583
221 170 598 1309 18546 654