22
36 2 386 658 4700 20
32 51 927 1175 5145 99
37 95 392 583 6436 57
45 19 525 1319 5417 63
8 53 1201 1423 9993 99
19 82 467 734 7275 30
54 91 710 1215 899 55
26 80 1160 1296 3769 65
22 63 29 830 8668 64
86 75 329 365 8573 72
40 70 292 990 2367 11
30 23 1371 1418 6106 35
47 79 1234 1236 8910 57
14 14 736 1214 3495 93
6 59 859 947 6624 89
15 91 112 1014 6649 81
54 43 781 1186 1447 94
25 44 1235 1414 8248 65
71 8 299 1318 3184 41
49 98 729 1332 7658 48
43 3 430 1210 2728 72
400 400 0 1440 27200 500