48
224 213 1244 1334 682 38
31 12 1319 1352 8126 7
215 316 1112 1273 3026 24
14 377 976 1438 331 15
307 212 1315 1330 7112 23
13 207 71 1405 745 23
243 238 325 882 6272 27
254 383 785 866 7344 6
196 292 790 1355 430 24
356 83 1338 1410 6331 48
393 273 878 1324 6945 24
107 221 56 509 757 32
151 129 891 1333 8458 41
382 134 1054 1390 5208 15
304 183 1320 1362 5145 34
4 179 161 293 5104 47
1 81 1264 1409 3680 40
302 25 929 1430 8747 37
92 117 1358 1436 6508 29
342 22 1224 1298 3164 40
356 319 697 819 7951 8
102 355 1407 1409 1544 25
37 45 67 234 166 15
316 172 280 843 2083 10
99 84 75 925 4451 36
232 398 909 972 9176 29
310 274 451 1423 1152 33
260 383 575 1133 8780 29
71 332 774 1184 7617 46
9 183 1210 1392 5441 8
268 46 1350 1389 3436 6
337 23 824 1202 162 36
268 249 1284 1387 5511 12
119 171 27 1285 3545 44
326 142 1405 1437 4712 0
11 207 1165 1380 7210 13
72 264 903 975 1884 15
126 312 272 1236 9247 48
262 267 877 1233 6353 36
36 50 589 631 2824 15
279 112 1250 1400 5375 5
78 380 146 452 8956 48
137 186 1317 1428 5128 39
203 275 424 1114 9444 36
338 216 1356 1425 2124 15
240 295 1423 1433 6466 10
125 200 876 1305 1941 35
87 43 614 1183 1503 40
