50
186 187 190 1064 1223 423
197 199 531 1216 10947 629
377 257 300 1116 10718 562
356 247 50 1082 1535 590
166 196 592 1411 7782 602
359 271 457 1059 5285 576
200 200 186 887 13428 521
373 274 54 988 18765 374
192 211 299 712 4328 350
360 267 290 1404 11545 647
342 211 166 867 15834 618
336 277 488 993 783 492
354 176 39 949 12752 892
359 259 245 1025 5302 666
327 187 257 915 7644 397
333 263 248 1342 7792 616
378 174 152 1008 13027 447
200 201 457 1127 9798 664
355 186 497 1353 14468 647
368 253 107 483 3226 258
195 224 178 791 6083 364
362 159 44 1122 17957 249
354 163 202 1336 1120 408
336 214 329 1368 9414 752
168 192 255 913 10346 410
202 193 74 1089 19846 1004
382 263 21 868 18836 120
325 197 107 1260 6521 633
186 221 133 918 12996 717
329 171 39 713 3913 581
340 280 177 1247 7561 469
382 191 76 1078 4519 494
346 179 177 709 11060 530
200 182 192 501 18411 261
340 173 268 840 14969 477
344 269 305 1255 14272 661
195 175 319 1374 17099 1004
355 280 483 1417 19000 707
336 186 285 1256 8144 759
191 206 252 985 4162 724
346 168 159 621 9197 325
183 191 293 1318 5690 308
177 199 222 801 18211 238
375 268 180 1122 5070 293
199 210 126 919 18909 236
370 254 51 878 529 519
337 224 250 1162 16055 752
205 226 11 1055 15556 1009
376 170 368 854 12647 400
347 285 60 924 2167 779
