150
245 266 153 875 12566 493
47 356 102 568 1528 459
283 299 17 279 7778 219
276 298 43 563 16296 280
50 383 187 1351 2955 803
139 165 121 746 14081 555
159 182 67 996 17582 726
43 343 480 1135 11128 508
6 356 182 814 16453 293
269 297 214 1124 14375 682
163 167 471 1170 6817 619
172 158 31 971 17933 311
173 153 201 949 1236 319
152 157 159 1398 10192 251
273 281 622 1325 12313 638
67 344 159 988 10519 703
240 303 329 1334 16243 942
259 261 10 1097 14261 88
166 163 78 422 6769 328
270 276 192 1106 9183 504
291 288 242 595 7704 351
243 258 135 1091 13596 363
18 333 521 1361 11179 529
47 329 10 1053 3606 1043
53 342 164 1014 8038 747
143 154 470 1177 11702 695
150 162 53 646 4886 242
161 152 40 417 3596 275
8 350 476 1294 10788 529
28 349 121 1079 8331 738
30 348 417 1113 16733 501
61 357 148 1008 2071 698
16 344 49 872 7670 818
140 177 188 933 1122 650
228 306 111 715 10924 466
252 286 78 993 1352 316
248 275 6 1142 17446 643
274 277 221 1344 2907 835
162 189 36 844 3189 197
33 351 17 837 465 469
170 157 5 833 8684 187
151 188 233 1026 18057 376
22 365 17 1250 14294 870
261 279 486 1374 1834 647
27 306 384 947 10839 559
272 278 49 1020 9439 416
261 288 457 1422 2931 614
12 345 218 1172 14576 559
211 281 143 1380 4329 925
32 342 301 959 16152 389
39 322 176 1027 9539 781
157 161 359 1015 5738 565
145 145 189 1105 18403 827
277 259 350 860 5710 432
259 288 61 1117 11880 618
165 140 120 848 8445 191
146 125 219 691 5538 316
172 144 502 1367 19149 762
138 162 182 1114 12780 547
216 247 303 982 17349 398
267 267 464 1278 13435 606
29 352 216 683 17119 409
231 263 50 1081 16218 970
151 159 202 1379 6763 786
38 333 227 1125 7215 236
34 359 45 706 1278 464
169 144 317 1083 17843 649
20 363 159 1266 2371 352
25 359 643 1435 262 783
240 277 353 1119 18576 615
271 277 324 1129 4281 615
35 318 42 639 8588 474
184 187 41 830 2031 778
158 174 97 1215 13578 682
147 150 244 883 11109 619
157 163 119 409 19282 247
246 285 392 1393 13039 869
179 157 29 967 10104 135
155 176 510 1415 18246 633
260 299 506 1412 8107 612
250 276 218 938 17695 495
270 268 280 1082 2245 786
27 336 351 1092 3860 688
143 175 406 1204 10105 767
219 277 46 1378 12914 701
254 276 146 799 13381 274
50 342 64 1095 6079 884
165 162 198 1025 12647 752
170 144 400 1295 2789 477
261 262 70 1301 11460 778
219 272 133 905 7953 655
23 331 492 1365 4505 744
169 181 106 996 5036 555
60 326 224 627 11929 391
175 158 104 729 5444 625
257 287 274 1076 16113 605
144 185 19 444 6901 420
46 351 193 677 68 273
142 160 384 1369 1299 796
194 148 160 960 10841 516
150 151 372 1299 16780 469
246 280 230 591 11642 325
277 263 153 1336 6833 801
142 159 242 783 1708 496
253 302 457 1052 13033 585
81 358 140 1068 6601 611
26 312 89 1018 17617 534
42 340 573 1208 18140 579
274 249 66 590 14035 130
13 352 126 737 11169 574
165 167 143 995 15915 733
236 290 271 1089 3629 493
53 343 131 1046 6778 760
8 351 142 1196 11603 796
229 266 38 1030 7172 357
59 338 614 1389 12273 676
165 159 88 1174 6277 900
172 168 187 787 10258 201
172 136 169 848 8544 282
65 332 265 1170 15896 729
167 179 10 953 5993 561
40 327 303 1166 4292 723
10 339 12 1285 7100 730
51 347 230 1234 7678 443
71 331 499 1093 4746 583
155 189 538 1174 5831 561
34 354 162 898 3903 334
191 161 270 1016 15797 471
160 176 448 1369 18312 521
156 147 387 1113 4836 644
243 269 248 838 15236 374
14 359 230 1060 2501 244
66 324 557 1136 781 565
170 159 357 973 4876 460
272 290 149 956 2345 736
29 351 5 1327 2498 1126
40 326 19 1270 8609 23
261 254 363 1113 17625 420
122 158 196 783 7073 237
252 279 480 1417 2436 861
258 292 540 1337 609 605
264 282 30 832 7132 128
73 342 4 1196 10886 870
142 157 173 542 3850 232
248 279 222 1128 6293 861
238 281 275 1223 10981 381
271 289 119 993 8748 867
239 283 160 889 11896 510
23 360 32 1184 12399 228
18 318 26 990 4106 707
