177
215 211 664 897 190 21
220 150 752 1221 238 12
227 185 999 1238 10 39
240 173 769 1347 400 14
248 170 595 1359 276 3
191 154 1250 1263 91 38
166 203 1402 1435 170 19
161 205 1059 1217 270 5
177 249 843 1256 143 43
211 173 608 1015 434 12
159 158 99 797 358 6
221 192 775 1268 499 13
150 178 819 820 174 4
196 245 1111 1383 285 20
238 180 870 1159 356 31
239 232 955 1068 366 30
153 188 147 322 410 42
158 236 261 371 241 6
243 229 176 185 382 0
205 249 605 1207 169 48
219 236 154 1335 269 9
236 190 348 693 157 5
177 241 1248 1356 13 39
193 213 463 874 394 14
157 247 431 1434 446 0
211 169 551 857 493 2
222 219 1262 1263 444 22
170 168 431 1235 25 19
150 201 1406 1415 191 48
180 247 1133 1387 102 26
157 214 1006 1195 114 2
197 174 1075 1307 15 41
213 190 43 970 148 40
183 204 265 361 259 15
205 191 63 861 404 31
158 183 345 886 131 11
228 242 655 693 390 28
229 241 1337 1359 258 3
227 152 366 473 176 39
202 177 884 1427 79 35
215 223 1325 1394 64 16
237 162 277 1135 364 12
176 227 1375 1404 86 49
172 187 1269 1294 308 34
169 212 590 695 6 19
228 188 1255 1260 264 1
181 191 1013 1331 266 33
174 224 134 1320 192 31
228 229 187 677 277 3
248 207 525 930 119 5
200 207 1284 1412 467 37
182 171 186 1112 122 37
207 191 789 926 242 11
237 233 496 656 154 39
246 178 378 700 158 45
240 195 843 998 171 32
182 161 575 907 34 21
248 155 67 1125 221 17
238 205 0 272 259 19
211 172 657 1130 196 37
229 201 542 1245 101 29
164 248 1107 1419 458 47
203 227 490 1161 201 0
247 200 405 1133 375 3
181 204 821 871 319 39
158 166 231 1413 204 45
223 211 467 1388 197 20
227 173 238 392 80 5
206 246 156 970 296 0
207 199 491 1377 196 24
244 233 325 1199 199 5
241 224 486 936 41 9
189 207 611 853 304 31
150 193 680 1287 3 20
167 200 266 810 118 42
177 247 12 1260 20 18
167 218 1349 1355 99 7
203 196 731 934 21 31
201 192 862 1227 332 39
196 193 247 455 318 42
191 219 585 843 158 6
187 155 1340 1386 388 22
182 224 439 1353 9 29
165 244 365 878 464 34
223 160 538 1237 193 33
199 232 1221 1261 310 33
162 220 174 564 420 40
209 230 468 1294 264 46
174 186 105 682 105 40
185 228 903 1144 33 2
243 248 10 765 419 20
225 225 72 621 262 41
202 232 41 352 83 0
160 175 586 599 272 2
240 153 571 580 253 13
164 178 757 976 361 21
226 150 1123 1356 43 11
166 222 129 1032 134 30
156 215 1406 1425 194 43
183 241 1405 1414 399 21
191 232 557 1268 394 37
239 167 1065 1268 33 5
229 233 894 908 435 13
235 194 1210 1323 75 14
168 167 33 1368 383 13
245 211 207 683 270 5
183 201 729 1183 64 38
237 171 341 1102 407 22
201 199 869 1366 42 47
153 229 565 1189 360 17
214 163 1162 1197 349 29
247 165 427 464 310 14
198 218 1402 1426 163 4
187 188 420 838 26 33
242 190 1158 1201 151 27
203 224 782 1137 173 23
204 231 1297 1315 40 9
216 162 286 1278 242 46
165 245 349 550 48 46
221 181 169 1166 367 17
199 169 821 848 287 10
152 220 775 1432 86 34
202 224 1079 1391 312 44
237 227 1347 1349 77 31
176 201 217 369 128 3
239 186 941 1069 468 10
236 230 1422 1429 104 35
179 222 583 909 388 0
231 186 820 1262 451 21
241 240 24 269 243 9
183 234 1209 1313 262 7
154 165 726 861 357 3
155 208 246 737 43 13
161 157 1095 1437 218 42
173 208 22 927 217 31
239 248 854 1046 267 7
208 202 1158 1257 325 37
242 237 1373 1377 407 0
179 204 357 628 158 30
195 185 1036 1281 453 43
224 183 59 964 38 27
170 234 859 970 469 20
211 175 149 156 394 16
159 189 1204 1412 51 24
239 242 181 778 33 25
177 207 165 599 134 33
159 161 480 1175 350 19
249 202 1161 1173 489 21
224 210 27 1011 356 46
169 205 354 486 88 4
219 239 692 972 461 39
241 183 701 1250 74 25
197 181 1064 1200 208 10
178 228 934 1415 469 40
158 249 1153 1305 216 13
205 204 1324 1329 407 7
197 212 983 1087 133 46
230 169 940 1015 47 13
242 171 1057 1091 200 11
186 246 94 1223 84 15
197 180 718 1266 117 35
175 211 377 694 337 32
196 213 755 1237 85 39
194 201 291 676 300 8
242 212 1182 1339 298 43
163 154 1199 1220 392 16
194 150 688 972 164 24
242 187 522 1281 265 32
202 154 1163 1417 323 35
206 203 1068 1086 184 43
177 200 1104 1278 361 0
184 158 1107 1209 165 9
165 156 58 955 246 30
0 400 0 1440 2000 100
400 0 0 1440 10000 700
0 0  0 1440 8000 400
400 400 0 500 7000 300