199
201 200 0 1440 2000 1
201 200 0 1440 14 14
201 200 0 1440 14 14
201 200 0 1440 14 14
201 200 0 1440 14 14
201 200 0 1440 14 14
201 200 0 1440 14 14
201 200 0 1440 14 14
201 200 0 1440 14 14
201 200 0 1440 14 14
201 200 0 1440 14 14
201 200 0 1440 14 14
201 200 0 1440 14 14
201 200 0 1440 14 14
201 200 0 1440 14 14
201 200 0 1440 14 14
201 200 0 1440 14 14
201 200 0 1440 14 14
201 200 0 1440 14 14
201 200 0 1440 14 14
201 200 0 1440 14 14
201 200 0 1440 14 14
201 200 0 1440 14 14
201 200 0 1440 14 14
201 200 0 1440 14 14
201 200 0 1440 14 14
201 200 0 1440 14 14
201 200 0 1440 14 14
201 200 0 1440 14 14
201 200 0 1440 14 14
201 200 0 1440 14 14
201 200 0 1440 14 14
201 200 0 1440 14 14
201 200 0 1440 14 14
201 200 0 1440 14 14
201 200 0 1440 14 14
201 200 0 1440 14 14
201 200 0 1440 14 14
201 200 0 1440 14 14
201 200 0 1440 14 14
201 200 0 1440 14 14
201 200 0 1440 14 14
201 200 0 1440 14 14
201 200 0 1440 14 14
201 200 0 1440 14 14
201 200 0 1440 14 14
201 200 0 1440 14 14
201 200 0 1440 14 14
201 200 0 1440 14 14
201 200 0 1440 14 14
201 200 0 1440 14 14
201 200 0 1440 14 14
201 200 0 1440 14 14
201 200 0 1440 14 14
201 200 0 1440 14 14
201 200 0 1440 14 14
201 200 0 1440 14 14
201 200 0 1440 14 14
201 200 0 1440 14 14
201 200 0 1440 14 14
201 200 0 1440 14 14
201 200 0 1440 14 14
201 200 0 1440 14 14
201 200 0 1440 14 14
201 200 0 1440 14 14
201 200 0 1440 14 14
201 200 0 1440 14 14
201 200 0 1440 14 14
201 200 0 1440 14 14
201 200 0 1440 14 14
201 200 0 1440 14 14
201 200 0 1440 14 14
201 200 0 1440 14 14
201 200 0 1440 14 14
201 200 0 1440 14 14
201 200 0 1440 14 14
201 200 0 1440 14 14
201 200 0 1440 14 14
201 200 0 1440 14 14
201 200 0 1440 14 14
201 200 0 1440 14 14
201 200 0 1440 14 14
201 200 0 1440 14 14
201 200 0 1440 14 14
201 200 0 1440 14 14
201 200 0 1440 14 14
201 200 0 1440 14 14
201 200 0 1440 14 14
201 200 0 1440 14 14
201 200 0 1440 14 14
201 200 0 1440 14 14
201 200 0 1440 14 14
201 200 0 1440 14 14
201 200 0 1440 14 14
201 200 0 1440 14 14
201 200 0 1440 14 14
201 200 0 1440 14 14
201 200 0 1440 14 14
201 200 0 1440 14 14
201 200 0 1440 14 14
50 0 0 1440 35 9
50 0 0 1440 35 9
50 0 0 1440 35 9
50 0 0 1440 35 9
50 0 0 1440 35 9
50 0 0 1440 35 9
50 0 0 1440 35 9
50 0 0 1440 35 9
50 0 0 1440 35 9
50 0 0 1440 35 9
50 0 0 1440 35 9
50 0 0 1440 35 9
50 0 0 1440 35 9
50 0 0 1440 35 9
50 0 0 1440 35 9
50 0 0 1440 35 9
50 0 0 1440 35 9
50 0 0 1440 35 9
50 0 0 1440 35 9
50 0 0 1440 35 9
50 0 0 1440 35 9
50 0 0 1440 35 9
50 0 0 1440 35 9
50 0 0 1440 35 9
50 0 0 1440 35 9
50 0 0 1440 35 9
50 0 0 1440 35 9
50 0 0 1440 35 9
50 0 0 1440 35 9
50 0 0 1440 35 9
50 0 0 1440 35 9
50 0 0 1440 35 9
50 0 0 1440 35 9
50 0 0 1440 35 9
50 0 0 1440 35 9
50 0 0 1440 35 9
50 0 0 1440 35 9
50 0 0 1440 35 9
50 0 0 1440 35 9
50 0 0 1440 35 9
50 0 0 1440 35 9
50 0 0 1440 35 9
50 0 0 1440 35 9
50 0 0 1440 35 9
50 0 0 1440 35 9
50 0 0 1440 35 9
50 0 0 1440 35 9
50 0 0 1440 35 9
50 0 0 1440 35 9
50 0 0 1440 35 9
50 0 0 1440 35 9
50 0 0 1440 35 9
50 0 0 1440 35 9
50 0 0 1440 35 9
50 0 0 1440 35 9
50 0 0 1440 35 9
50 0 0 1440 35 9
50 0 0 1440 35 9
50 0 0 1440 35 9
50 0 0 1440 35 9
50 0 0 1440 35 9
50 0 0 1440 35 9
50 0 0 1440 35 9
50 0 0 1440 35 9
50 0 0 1440 35 9
50 0 0 1440 35 9
50 0 0 1440 35 9
50 0 0 1440 35 9
50 0 0 1440 35 9
50 0 0 1440 35 9
50 0 0 1440 35 9
50 0 0 1440 35 9
50 0 0 1440 35 9
50 0 0 1440 35 9
50 0 0 1440 35 9
50 0 0 1440 35 9
50 0 0 1440 35 9
50 0 0 1440 35 9
50 0 0 1440 35 9
50 0 0 1440 35 9
50 0 0 1440 35 9
50 0 0 1440 35 9
50 0 0 1440 35 9
50 0 0 1440 35 9
50 0 0 1440 35 9
50 0 0 1440 35 9
50 0 0 1440 35 9
50 0 0 1440 35 9
50 0 0 1440 35 9
50 0 0 1440 35 9
50 0 0 1440 35 9
50 0 0 1440 35 9
50 0 0 1440 35 9
50 0 0 1440 35 9
50 0 0 1440 35 9
50 0 0 1440 35 9
50 0 0 1440 35 9
50 0 0 1440 35 9
50 0 0 1440 35 9
