192
50 0 0 1440 254 4
350 400 0 1440 254 4
125 100 0 1440 139 15
275 300 0 1440 139 15
50 0 0 1440 254 4
350 400 0 1440 254 4
125 100 0 1440 139 15
275 300 0 1440 139 15
50 0 0 1440 254 4
350 400 0 1440 254 4
125 100 0 1440 139 15
275 300 0 1440 139 15
50 0 0 1440 254 4
350 400 0 1440 254 4
125 100 0 1440 139 15
275 300 0 1440 139 15
50 0 0 1440 254 4
350 400 0 1440 254 4
125 100 0 1440 139 15
275 300 0 1440 139 15
50 0 0 1440 254 4
350 400 0 1440 254 4
125 100 0 1440 139 15
275 300 0 1440 139 15
50 0 0 1440 254 4
350 400 0 1440 254 4
125 100 0 1440 139 15
275 300 0 1440 139 15
50 0 0 1440 254 4
350 400 0 1440 254 4
125 100 0 1440 139 15
275 300 0 1440 139 15
50 0 0 1440 254 4
350 400 0 1440 254 4
125 100 0 1440 139 15
275 300 0 1440 139 15
50 0 0 1440 254 4
350 400 0 1440 254 4
125 100 0 1440 139 15
275 300 0 1440 139 15
50 0 0 1440 254 4
350 400 0 1440 254 4
125 100 0 1440 139 15
275 300 0 1440 139 15
50 0 0 1440 254 4
350 400 0 1440 254 4
125 100 0 1440 139 15
275 300 0 1440 139 15
50 0 0 1440 254 4
350 400 0 1440 254 4
125 100 0 1440 139 15
275 300 0 1440 139 15
50 0 0 1440 254 4
350 400 0 1440 254 4
125 100 0 1440 139 15
275 300 0 1440 139 15
50 0 0 1440 254 4
350 400 0 1440 254 4
125 100 0 1440 139 15
275 300 0 1440 139 15
50 0 0 1440 254 4
350 400 0 1440 254 4
125 100 0 1440 139 15
275 300 0 1440 139 15
50 0 0 1440 254 4
350 400 0 1440 254 4
125 100 0 1440 139 15
275 300 0 1440 139 15
50 0 0 1440 254 4
350 400 0 1440 254 4
125 100 0 1440 139 15
275 300 0 1440 139 15
50 0 0 1440 254 4
350 400 0 1440 254 4
125 100 0 1440 139 15
275 300 0 1440 139 15
50 0 0 1440 254 4
350 400 0 1440 254 4
125 100 0 1440 139 15
275 300 0 1440 139 15
50 0 0 1440 254 4
350 400 0 1440 254 4
125 100 0 1440 139 15
275 300 0 1440 139 15
50 0 0 1440 254 4
350 400 0 1440 254 4
125 100 0 1440 139 15
275 300 0 1440 139 15
50 0 0 1440 254 4
350 400 0 1440 254 4
125 100 0 1440 139 15
275 300 0 1440 139 15
50 0 0 1440 254 4
350 400 0 1440 254 4
125 100 0 1440 139 15
275 300 0 1440 139 15
50 0 0 1440 254 4
350 400 0 1440 254 4
125 100 0 1440 139 15
275 300 0 1440 139 15
50 0 0 1440 254 4
350 400 0 1440 254 4
125 100 0 1440 139 15
275 300 0 1440 139 15
50 0 0 1440 254 4
350 400 0 1440 254 4
125 100 0 1440 139 15
275 300 0 1440 139 15
50 0 0 1440 254 4
350 400 0 1440 254 4
125 100 0 1440 139 15
275 300 0 1440 139 15
50 0 0 1440 254 4
350 400 0 1440 254 4
125 100 0 1440 139 15
275 300 0 1440 139 15
50 0 0 1440 254 4
350 400 0 1440 254 4
125 100 0 1440 139 15
275 300 0 1440 139 15
50 0 0 1440 254 4
350 400 0 1440 254 4
125 100 0 1440 139 15
275 300 0 1440 139 15
50 0 0 1440 254 4
350 400 0 1440 254 4
125 100 0 1440 139 15
275 300 0 1440 139 15
50 0 0 1440 254 4
350 400 0 1440 254 4
125 100 0 1440 139 15
275 300 0 1440 139 15
50 0 0 1440 254 4
350 400 0 1440 254 4
125 100 0 1440 139 15
275 300 0 1440 139 15
50 0 0 1440 254 4
350 400 0 1440 254 4
125 100 0 1440 139 15
275 300 0 1440 139 15
50 0 0 1440 254 4
350 400 0 1440 254 4
125 100 0 1440 139 15
275 300 0 1440 139 15
50 0 0 1440 254 4
350 400 0 1440 254 4
125 100 0 1440 139 15
275 300 0 1440 139 15
50 0 0 1440 254 4
350 400 0 1440 254 4
125 100 0 1440 139 15
275 300 0 1440 139 15
50 0 0 1440 254 4
350 400 0 1440 254 4
125 100 0 1440 139 15
275 300 0 1440 139 15
50 0 0 1440 254 4
350 400 0 1440 254 4
125 100 0 1440 139 15
275 300 0 1440 139 15
50 0 0 1440 254 4
350 400 0 1440 254 4
125 100 0 1440 139 15
275 300 0 1440 139 15
50 0 0 1440 254 4
350 400 0 1440 254 4
125 100 0 1440 139 15
275 300 0 1440 139 15
50 0 0 1440 254 4
350 400 0 1440 254 4
125 100 0 1440 139 15
275 300 0 1440 139 15
50 0 0 1440 254 4
350 400 0 1440 254 4
125 100 0 1440 139 15
275 300 0 1440 139 15
50 0 0 1440 254 4
350 400 0 1440 254 4
125 100 0 1440 139 15
275 300 0 1440 139 15
50 0 0 1440 254 4
350 400 0 1440 254 4
125 100 0 1440 139 15
275 300 0 1440 139 15
50 0 0 1440 254 4
350 400 0 1440 254 4
125 100 0 1440 139 15
275 300 0 1440 139 15
50 0 0 1440 254 4
350 400 0 1440 254 4
125 100 0 1440 139 15
275 300 0 1440 139 15
