164
50 0 0 1440 255 5
350 400 0 1440 255 5
125 100 0 1440 141 17
275 300 0 1440 141 17
50 0 0 1440 255 5
350 400 0 1440 255 5
125 100 0 1440 141 17
275 300 0 1440 141 17
50 0 0 1440 255 5
350 400 0 1440 255 5
125 100 0 1440 141 17
275 300 0 1440 141 17
50 0 0 1440 255 5
350 400 0 1440 255 5
125 100 0 1440 141 17
275 300 0 1440 141 17
50 0 0 1440 255 5
350 400 0 1440 255 5
125 100 0 1440 141 17
275 300 0 1440 141 17
50 0 0 1440 255 5
350 400 0 1440 255 5
125 100 0 1440 141 17
275 300 0 1440 141 17
50 0 0 1440 255 5
350 400 0 1440 255 5
125 100 0 1440 141 17
275 300 0 1440 141 17
50 0 0 1440 255 5
350 400 0 1440 255 5
125 100 0 1440 141 17
275 300 0 1440 141 17
50 0 0 1440 255 5
350 400 0 1440 255 5
125 100 0 1440 141 17
275 300 0 1440 141 17
50 0 0 1440 255 5
350 400 0 1440 255 5
125 100 0 1440 141 17
275 300 0 1440 141 17
50 0 0 1440 255 5
350 400 0 1440 255 5
125 100 0 1440 141 17
275 300 0 1440 141 17
50 0 0 1440 255 5
350 400 0 1440 255 5
125 100 0 1440 141 17
275 300 0 1440 141 17
50 0 0 1440 255 5
350 400 0 1440 255 5
125 100 0 1440 141 17
275 300 0 1440 141 17
50 0 0 1440 255 5
350 400 0 1440 255 5
125 100 0 1440 141 17
275 300 0 1440 141 17
50 0 0 1440 255 5
350 400 0 1440 255 5
125 100 0 1440 141 17
275 300 0 1440 141 17
50 0 0 1440 255 5
350 400 0 1440 255 5
125 100 0 1440 141 17
275 300 0 1440 141 17
50 0 0 1440 255 5
350 400 0 1440 255 5
125 100 0 1440 141 17
275 300 0 1440 141 17
50 0 0 1440 255 5
350 400 0 1440 255 5
125 100 0 1440 141 17
275 300 0 1440 141 17
50 0 0 1440 255 5
350 400 0 1440 255 5
125 100 0 1440 141 17
275 300 0 1440 141 17
50 0 0 1440 255 5
350 400 0 1440 255 5
125 100 0 1440 141 17
275 300 0 1440 141 17
50 0 0 1440 255 5
350 400 0 1440 255 5
125 100 0 1440 141 17
275 300 0 1440 141 17
50 0 0 1440 255 5
350 400 0 1440 255 5
125 100 0 1440 141 17
275 300 0 1440 141 17
50 0 0 1440 255 5
350 400 0 1440 255 5
125 100 0 1440 141 17
275 300 0 1440 141 17
50 0 0 1440 255 5
350 400 0 1440 255 5
125 100 0 1440 141 17
275 300 0 1440 141 17
50 0 0 1440 255 5
350 400 0 1440 255 5
125 100 0 1440 141 17
275 300 0 1440 141 17
50 0 0 1440 255 5
350 400 0 1440 255 5
125 100 0 1440 141 17
275 300 0 1440 141 17
50 0 0 1440 255 5
350 400 0 1440 255 5
125 100 0 1440 141 17
275 300 0 1440 141 17
50 0 0 1440 255 5
350 400 0 1440 255 5
125 100 0 1440 141 17
275 300 0 1440 141 17
50 0 0 1440 255 5
350 400 0 1440 255 5
125 100 0 1440 141 17
275 300 0 1440 141 17
50 0 0 1440 255 5
350 400 0 1440 255 5
125 100 0 1440 141 17
275 300 0 1440 141 17
50 0 0 1440 255 5
350 400 0 1440 255 5
125 100 0 1440 141 17
275 300 0 1440 141 17
50 0 0 1440 255 5
350 400 0 1440 255 5
125 100 0 1440 141 17
275 300 0 1440 141 17
50 0 0 1440 255 5
350 400 0 1440 255 5
125 100 0 1440 141 17
275 300 0 1440 141 17
50 0 0 1440 255 5
350 400 0 1440 255 5
125 100 0 1440 141 17
275 300 0 1440 141 17
50 0 0 1440 255 5
350 400 0 1440 255 5
125 100 0 1440 141 17
275 300 0 1440 141 17
50 0 0 1440 255 5
350 400 0 1440 255 5
125 100 0 1440 141 17
275 300 0 1440 141 17
50 0 0 1440 255 5
350 400 0 1440 255 5
125 100 0 1440 141 17
275 300 0 1440 141 17
50 0 0 1440 255 5
350 400 0 1440 255 5
125 100 0 1440 141 17
275 300 0 1440 141 17
50 0 0 1440 255 5
350 400 0 1440 255 5
125 100 0 1440 141 17
275 300 0 1440 141 17
50 0 0 1440 255 5
350 400 0 1440 255 5
125 100 0 1440 141 17
275 300 0 1440 141 17
50 0 0 1440 255 5
350 400 0 1440 255 5
125 100 0 1440 141 17
275 300 0 1440 141 17
