44
50 0 0 1440 270 20
350 400 0 1440 270 20
125 100 0 1440 189 65
275 300 0 1440 189 65
50 0 0 1440 270 20
350 400 0 1440 270 20
125 100 0 1440 189 65
275 300 0 1440 189 65
50 0 0 1440 270 20
350 400 0 1440 270 20
125 100 0 1440 189 65
275 300 0 1440 189 65
50 0 0 1440 270 20
350 400 0 1440 270 20
125 100 0 1440 189 65
275 300 0 1440 189 65
50 0 0 1440 270 20
350 400 0 1440 270 20
125 100 0 1440 189 65
275 300 0 1440 189 65
50 0 0 1440 270 20
350 400 0 1440 270 20
125 100 0 1440 189 65
275 300 0 1440 189 65
50 0 0 1440 270 20
350 400 0 1440 270 20
125 100 0 1440 189 65
275 300 0 1440 189 65
50 0 0 1440 270 20
350 400 0 1440 270 20
125 100 0 1440 189 65
275 300 0 1440 189 65
50 0 0 1440 270 20
350 400 0 1440 270 20
125 100 0 1440 189 65
275 300 0 1440 189 65
50 0 0 1440 270 20
350 400 0 1440 270 20
125 100 0 1440 189 65
275 300 0 1440 189 65
50 0 0 1440 270 20
350 400 0 1440 270 20
125 100 0 1440 189 65
275 300 0 1440 189 65
