25
201 200 0 1440 2000 1
201 200 0 1440 119 119
201 200 0 1440 119 119
201 200 0 1440 119 119
201 200 0 1440 119 119
201 200 0 1440 119 119
201 200 0 1440 119 119
201 200 0 1440 119 119
201 200 0 1440 119 119
201 200 0 1440 119 119
201 200 0 1440 119 119
201 200 0 1440 119 119
201 200 0 1440 119 119
50 0 0 1440 287 78
50 0 0 1440 287 78
50 0 0 1440 287 78
50 0 0 1440 287 78
50 0 0 1440 287 78
50 0 0 1440 287 78
50 0 0 1440 287 78
50 0 0 1440 287 78
50 0 0 1440 287 78
50 0 0 1440 287 78
50 0 0 1440 287 78
50 0 0 1440 287 78
