59
201 200 0 1440 2000 1
201 200 0 1440 49 49
201 200 0 1440 49 49
201 200 0 1440 49 49
201 200 0 1440 49 49
201 200 0 1440 49 49
201 200 0 1440 49 49
201 200 0 1440 49 49
201 200 0 1440 49 49
201 200 0 1440 49 49
201 200 0 1440 49 49
201 200 0 1440 49 49
201 200 0 1440 49 49
201 200 0 1440 49 49
201 200 0 1440 49 49
201 200 0 1440 49 49
201 200 0 1440 49 49
201 200 0 1440 49 49
201 200 0 1440 49 49
201 200 0 1440 49 49
201 200 0 1440 49 49
201 200 0 1440 49 49
201 200 0 1440 49 49
201 200 0 1440 49 49
201 200 0 1440 49 49
201 200 0 1440 49 49
201 200 0 1440 49 49
201 200 0 1440 49 49
201 200 0 1440 49 49
201 200 0 1440 49 49
50 0 0 1440 119 32
50 0 0 1440 119 32
50 0 0 1440 119 32
50 0 0 1440 119 32
50 0 0 1440 119 32
50 0 0 1440 119 32
50 0 0 1440 119 32
50 0 0 1440 119 32
50 0 0 1440 119 32
50 0 0 1440 119 32
50 0 0 1440 119 32
50 0 0 1440 119 32
50 0 0 1440 119 32
50 0 0 1440 119 32
50 0 0 1440 119 32
50 0 0 1440 119 32
50 0 0 1440 119 32
50 0 0 1440 119 32
50 0 0 1440 119 32
50 0 0 1440 119 32
50 0 0 1440 119 32
50 0 0 1440 119 32
50 0 0 1440 119 32
50 0 0 1440 119 32
50 0 0 1440 119 32
50 0 0 1440 119 32
50 0 0 1440 119 32
50 0 0 1440 119 32
50 0 0 1440 119 32
