24
50 0 0 1440 286 36
350 400 0 1440 286 36
125 100 0 1440 244 120
275 300 0 1440 244 120
50 0 0 1440 286 36
350 400 0 1440 286 36
125 100 0 1440 244 120
275 300 0 1440 244 120
50 0 0 1440 286 36
350 400 0 1440 286 36
125 100 0 1440 244 120
275 300 0 1440 244 120
50 0 0 1440 286 36
350 400 0 1440 286 36
125 100 0 1440 244 120
275 300 0 1440 244 120
50 0 0 1440 286 36
350 400 0 1440 286 36
125 100 0 1440 244 120
275 300 0 1440 244 120
50 0 0 1440 286 36
350 400 0 1440 286 36
125 100 0 1440 244 120
275 300 0 1440 244 120
