56
50 0 0 1440 265 15
350 400 0 1440 265 15
125 100 0 1440 175 51
275 300 0 1440 175 51
50 0 0 1440 265 15
350 400 0 1440 265 15
125 100 0 1440 175 51
275 300 0 1440 175 51
50 0 0 1440 265 15
350 400 0 1440 265 15
125 100 0 1440 175 51
275 300 0 1440 175 51
50 0 0 1440 265 15
350 400 0 1440 265 15
125 100 0 1440 175 51
275 300 0 1440 175 51
50 0 0 1440 265 15
350 400 0 1440 265 15
125 100 0 1440 175 51
275 300 0 1440 175 51
50 0 0 1440 265 15
350 400 0 1440 265 15
125 100 0 1440 175 51
275 300 0 1440 175 51
50 0 0 1440 265 15
350 400 0 1440 265 15
125 100 0 1440 175 51
275 300 0 1440 175 51
50 0 0 1440 265 15
350 400 0 1440 265 15
125 100 0 1440 175 51
275 300 0 1440 175 51
50 0 0 1440 265 15
350 400 0 1440 265 15
125 100 0 1440 175 51
275 300 0 1440 175 51
50 0 0 1440 265 15
350 400 0 1440 265 15
125 100 0 1440 175 51
275 300 0 1440 175 51
50 0 0 1440 265 15
350 400 0 1440 265 15
125 100 0 1440 175 51
275 300 0 1440 175 51
50 0 0 1440 265 15
350 400 0 1440 265 15
125 100 0 1440 175 51
275 300 0 1440 175 51
50 0 0 1440 265 15
350 400 0 1440 265 15
125 100 0 1440 175 51
275 300 0 1440 175 51
50 0 0 1440 265 15
350 400 0 1440 265 15
125 100 0 1440 175 51
275 300 0 1440 175 51
