200     
200 197 36 46 4808 1
197 201 18 35 3769 1
194 200 13 27 25127 1
204 200 26 40 22707 1
201 204 63 78 26481 1
196 201 14 32 6851 1
199 199 39 53 14729 1
190 183 348 360 25 1
202 197 21 25 4005 1
202 203 42 54 10764 1
185 184 305 309 488 2
221 213 1100 1100 123 2
203 202 45 46 20426 1
206 200 34 47 21214 1
201 195 33 51 24705 1
198 202 51 65 8564 1
209 203 36 46 26922 1
208 202 23 35 19456 1
209 204 22 36 22726 1
202 198 9 22 7874 1
202 206 30 38 2810 1
205 199 28 46 25807 1
197 202 33 38 21706 1
205 200 41 46 25846 1
197 205 20 35 17908 1
205 203 23 28 5629 1
203 197 22 27 13152 1
203 203 26 32 7066 1
182 182 12 15 415 2
202 199 48 58 13590 1
196 194 35 45 22950 1
197 195 41 60 5465 1
199 197 56 67 740 1
203 204 49 52 9797 1
202 201 5 7 23773 1
204 197 31 33 15888 1
192 200 32 45 22095 1
193 202 53 67 23301 1
198 205 28 31 23069 1
196 197 40 57 12133 1
203 198 55 59 728 1
199 202 25 39 10349 1
199 200 12 27 6857 1
205 206 54 73 3969 1
188 191 991 992 255 2
200 194 44 50 12476 1
202 205 49 53 1910 1
195 206 12 27 14034 1
197 194 38 52 17433 1
206 201 66 85 26185 1
198 203 26 32 18991 1
195 195 30 37 16758 1
182 218 1245 1264 547 2
200 199 3 7 8207 1
194 195 16 19 9471 1
192 202 45 59 12337 1
210 200 23 32 22836 1
194 203 18 32 25221 1
202 202 28 41 19432 1
198 196 44 45 13855 1
228 214 296 313 205 2
195 200 57 75 21709 1
208 213 1374 1392 582 2
193 198 10 19 6946 1
208 205 27 35 22380 1
200 198 18 25 12039 1
197 198 26 30 5018 1
206 206 52 56 22312 1
186 198 545 559 71 1
205 201 27 30 14047 1
195 204 19 29 10961 1
203 199 8 14 7376 1
191 193 461 462 340 2
195 202 5 7 20408 1
205 204 15 21 22877 1
207 201 28 36 27155 1
200 201 19 22 8426 1
203 195 36 52 9881 1
193 203 25 28 25220 1
180 195 414 419 286 2
201 198 20 21 11514 1
198 197 26 45 2918 1
224 197 1383 1392 193 2
198 206 28 38 23611 1
195 199 25 30 23661 1
196 200 12 22 5531 1
198 199 34 50 13435 1
193 197 12 24 9589 1
201 200 12 19 18583 1
206 205 33 50 13687 1
206 202 53 58 8517 1
212 207 61 61 183 2
201 206 30 41 23811 1
203 200 28 34 20499 1
208 200 28 33 7771 1
194 196 13 20 26240 1
204 203 26 41 15342 1
204 198 59 67 22564 1
201 196 20 21 11009 1
201 208 31 35 23406 1
208 203 38 44 18007 1
207 202 29 39 13348 1
194 209 203 217 123 2
187 190 1214 1227 553 1
226 199 547 563 378 1
199 204 16 34 13091 1
198 208 222 226 25 2
193 201 41 58 17930 1
181 202 558 571 321 2
202 200 32 48 1149 1
199 196 26 38 6235 1
201 194 12 28 2451 1
202 204 52 61 25380 1
203 201 33 39 5805 1
201 201 28 35 3439 1
193 200 61 76 17131 1
195 201 49 67 5403 1
196 206 45 57 23004 1
194 202 44 63 17579 1
228 216 559 559 450 2
194 199 23 27 12574 1
191 185 759 760 281 2
196 195 46 57 10898 1
199 207 24 40 18381 1
196 202 15 32 9047 1
204 205 17 24 26222 1
193 199 34 42 11164 1
204 207 32 50 7524 1
199 203 3 4 23745 1
204 206 38 44 1966 1
196 199 38 43 2134 1
199 208 31 49 13489 1
198 194 40 44 5453 1
208 201 17 34 10789 1
209 201 41 43 13723 1
185 189 808 822 218 2
198 208 33 44 18527 1
199 194 23 32 20979 1
199 198 7 24 21835 1
207 204 18 29 24551 1
204 202 26 33 5899 1
194 205 7 11 22840 1
209 200 25 39 11054 1
204 201 27 43 16363 1
203 208 9 10 21384 1
201 203 12 31 3772 1
199 201 11 27 18234 1
196 198 18 31 8249 1
200 203 26 39 14415 1
200 195 31 37 9800 1
195 198 41 60 2575 1
210 185 304 312 275 1
201 202 18 25 15925 1
206 204 26 33 23319 1
202 195 37 39 7280 1
201 199 6 12 25810 1
206 203 14 32 18632 1
194 198 45 52 14646 1
203 207 62 67 1962 1
194 197 17 26 2161 1
201 197 25 33 432 1
196 204 11 13 12687 1
188 195 111 130 394 1
195 196 14 22 6922 1
200 196 34 50 2504 1
198 195 17 36 6084 1
202 207 42 47 800 1
185 206 1091 1106 7 2
203 205 35 54 16254 1
199 205 56 63 21070 1
206 208 592 599 81 2
196 181 317 317 146 2
210 201 45 51 11560 1
198 204 18 22 13440 1
205 202 13 30 9391 1
204 199 34 50 12295 1
198 200 14 24 13058 1
201 205 60 73 507 1
221 199 690 694 5 2
205 205 27 36 16120 1
202 196 32 38 10009 1
200 205 11 14 17064 1
207 203 26 27 25097 1
197 197 5 12 18829 1
201 207 73 91 12131 1
203 206 38 57 18983 1
196 212 270 284 8 1
198 198 21 26 2655 1
220 208 380 396 184 2
197 203 40 57 5809 1
200 202 48 50 15323 1
197 199 8 16 6453 1
189 219 287 296 196 1
208 204 26 30 21607 1
198 201 32 34 8148 1
197 200 12 24 7685 1
196 205 20 23 4547 1
207 200 72 89 1542 1
197 196 35 48 12486 1
200 208 50 59 10773 1
