25     
201 200 1 19 3616 1
305 204 364 373 18648 1
216 358 302 317 22253 1
188 300 234 249 16271 1
260 279 220 222 7118 1
262 201 351 354 141 1
279 258 228 233 23684 1
358 376 191 198 15755 1
372 400 89 106 10489 1
299 204 378 384 10664 1
319 222 293 301 4745 1
104 191 100 101 12726 1
400 298 138 154 7150 1
400 387 215 232 11563 1
189 301 241 255 16362 1
372 267 323 326 12144 1
400 369 147 153 19590 1
250 168 153 161 15 4
200 322 261 273 4251 1
400 400 201 218 20280 2
347 244 423 439 19806 2
171 139 527 541 314 5
275 190 349 368 12206 2
400 347 147 156 18092 1
400 316 266 277 5411 1
