25     
305 233 286 295 14446 1
198 251 54 70 1495 1
178 210 150 157 11121 1
176 213 347 358 14693 2
183 249 160 169 6870 1
194 233 453 462 4232 1
157 187 342 344 27194 1
265 195 255 266 16438 1
214 229 230 245 21875 1
128 181 1192 1196 390 4
243 244 222 231 25408 1
212 286 171 176 21009 1
205 181 875 884 464 2
160 206 289 305 20556 1
194 269 87 104 6233 1
232 173 420 428 13977 2
250 236 187 190 13691 1
218 196 315 323 23253 1
151 248 690 701 522 4
251 156 434 438 161 3
260 207 77 94 25593 1
266 240 169 182 14610 2
233 166 374 390 13709 2
201 201 376 391 17528 2
286 283 120 134 19782 1
