200     
217 310 22 32 14655 2
198 207 10 17 18348 4
126 173 1375 1380 55 1
236 230 8 27 12809 1
178 253 8 14 4418 1
149 226 617 630 340 2
200 283 23 29 24499 1
263 224 31 34 19254 4
223 223 32 37 16771 1
164 259 37 55 15986 3
194 235 9 19 15407 1
234 229 18 24 6258 1
176 273 34 36 19372 1
220 248 34 50 24927 1
169 169 1289 1302 193 1
120 184 1078 1087 63 2
121 182 208 210 563 1
243 199 25 41 25439 1
204 201 20 37 19340 1
248 241 34 48 12733 2
195 215 1238 1243 548 2
206 308 25 36 17097 1
242 249 26 28 4199 4
197 207 8 10 26099 1
249 216 41 56 15035 1
195 247 33 46 7754 1
230 223 50 59 9063 3
132 136 1248 1261 250 2
206 307 9 15 20656 1
246 237 27 44 7111 1
190 221 14 25 7189 1
130 121 560 578 348 2
216 314 18 37 16544 1
215 134 1170 1175 110 1
254 238 8 23 11242 2
164 255 15 19 2541 1
149 148 392 396 477 1
201 235 10 12 20285 1
214 239 38 45 5332 1
254 237 6 16 18603 1
192 191 4 7 71 2
146 223 740 745 22 1
248 213 36 43 18869 1
161 259 17 29 6406 1
161 258 35 38 17774 1
130 217 768 778 397 2
218 223 37 42 14796 4
179 248 51 62 5426 1
256 235 28 35 8035 1
230 249 34 42 3554 1
255 222 22 25 14191 3
127 186 316 316 543 2
207 232 10 18 20292 1
258 210 19 26 4172 1
265 227 25 34 27062 1
221 220 29 31 16294 1
194 229 16 23 14000 3
161 102 413 421 56 2
213 194 24 40 8199 4
252 239 12 28 27099 4
221 234 39 52 4489 1
228 252 22 41 20462 1
170 254 12 13 15083 1
166 270 41 44 8631 4
142 174 1259 1278 325 1
214 216 27 44 10637 1
171 262 50 51 2325 3
176 264 18 20 16485 2
258 220 13 18 9084 1
181 152 544 552 182 1
256 217 28 42 22951 3
209 217 34 49 20864 1
166 264 30 37 19610 1
222 250 30 41 6704 4
208 234 37 39 10153 3
243 237 35 43 4898 1
196 228 20 26 26593 3
202 302 63 72 21000 3
265 225 27 46 16818 1
210 196 19 30 9759 3
236 229 10 29 2735 1
131 208 123 131 218 1
205 127 1307 1323 486 1
191 226 27 30 20976 4
178 265 10 17 8838 1
246 238 29 34 5970 2
207 231 33 51 24062 1
256 221 19 35 13381 1
201 237 31 43 8654 2
160 258 37 43 8959 4
218 220 33 37 926 4
259 230 17 23 19405 2
254 234 24 25 4024 1
144 185 801 806 569 2
222 221 41 49 24836 1
190 246 40 51 12431 1
242 238 32 36 12605 2
204 195 11 29 26937 1
180 254 23 33 2839 4
197 235 8 16 3936 1
198 294 36 38 5311 3
148 216 1165 1168 28 2
166 272 34 43 23251 2
206 228 45 51 3186 4
181 244 57 60 929 2
173 262 21 37 8268 1
254 220 26 38 18652 1
160 118 825 841 202 1
252 226 23 34 24689 1
171 260 47 59 20187 1
213 220 21 30 16546 1
181 259 10 22 17778 1
152 113 1319 1324 216 1
182 254 26 42 2664 3
208 241 20 37 20657 2
178 130 984 995 0 1
204 234 22 34 6973 1
149 148 236 245 152 1
211 299 51 57 3510 3
222 223 34 42 9689 4
211 234 39 43 8902 2
159 266 25 39 7633 1
184 257 54 72 1837 1
220 234 47 52 15808 1
208 242 18 31 17018 1
156 266 29 30 1827 1
249 209 38 45 470 4
149 225 1071 1079 554 2
215 143 1131 1139 145 1
161 264 45 49 20014 3
197 227 35 45 4363 3
170 259 8 9 4390 1
170 264 24 43 15134 1
193 227 12 29 2716 1
173 258 13 31 7111 3
145 156 1228 1236 242 1
235 218 41 42 20540 1
204 209 1001 1020 158 2
172 263 10 17 21078 4
198 244 18 24 908 1
173 263 8 23 7010 1
220 223 31 37 10045 1
196 240 27 38 23241 3
208 302 56 63 8152 1
230 248 31 42 16148 1
252 218 14 32 23069 1
181 255 13 23 16720 3
224 223 35 52 19822 4
200 222 31 38 22683 2
176 267 14 31 15086 1
246 250 20 27 8683 1
182 192 680 699 238 2
221 225 27 30 19826 2
225 227 19 26 4316 1
191 224 15 32 22275 1
174 259 10 28 16894 1
209 241 22 33 1114 4
244 214 48 65 15957 4
186 278 47 61 11702 1
181 260 40 43 7350 4
158 155 327 339 432 2
218 225 27 36 1262 1
122 170 1129 1129 591 2
176 140 180 197 401 1
241 247 30 31 11889 3
180 258 9 25 4651 1
182 167 195 210 110 2
169 261 2 13 13482 1
197 133 1218 1231 241 1
122 162 166 175 351 2
172 276 28 34 3089 1
256 232 28 31 20085 1
214 222 18 32 3300 1
231 229 51 68 17901 1
237 231 14 24 4588 4
229 247 34 38 6688 4
173 156 174 180 150 1
186 226 22 35 2068 1
256 239 6 21 2524 1
189 255 29 35 4434 1
222 318 27 36 13560 3
137 139 150 158 274 2
208 244 41 60 10328 2
205 225 24 40 13083 1
135 105 1382 1389 186 2
144 217 182 188 52 1
218 232 25 38 826 1
167 257 10 24 18294 1
207 307 72 73 9675 3
168 260 12 28 14873 1
199 235 29 44 11021 3
197 245 21 36 16379 3
264 227 36 46 10366 3
179 256 46 51 23163 4
228 197 17 36 25326 1
145 173 921 933 526 1
192 252 72 85 20855 4
255 235 34 51 13779 2
194 227 22 23 13446 3
177 104 721 721 207 2
