58     
290 395 125 128 10255 1
138 231 81 94 6814 1
399 399 163 174 3620 1
345 369 92 111 3449 1
305 398 78 83 20941 1
320 367 78 88 9773 1
336 400 20 27 25960 1
383 393 63 74 1933 1
249 334 135 139 9733 1
282 400 132 139 15903 1
302 392 126 129 13602 1
225 281 74 81 25692 1
369 392 172 176 20085 1
362 400 70 86 17354 1
313 400 108 120 10393 1
309 400 67 85 5943 1
134 243 618 631 301 1
316 400 95 105 25369 1
315 397 100 114 15703 1
312 363 68 78 11602 1
300 389 51 54 9415 1
350 400 34 39 25909 1
175 310 171 188 10797 1
320 400 100 112 2157 1
188 217 21 23 11585 1
309 391 77 81 13527 1
153 259 114 125 3611 1
247 329 128 130 15990 1
339 400 125 140 6024 1
340 398 22 28 1133 1
312 400 113 129 9922 1
328 400 95 113 15827 1
400 400 160 173 22579 1
361 400 112 115 4282 1
280 393 73 87 8159 1
288 394 83 97 13087 1
378 400 53 54 16989 1
320 382 62 71 1571 1
164 224 47 62 11132 1
137 226 76 90 26827 1
389 400 195 205 25737 1
252 337 66 76 5952 1
226 291 66 83 1914 1
394 400 78 82 15928 1
346 396 20 29 6685 1
397 400 204 217 10546 1
343 387 31 37 3093 1
218 294 56 69 1067 1
319 400 94 109 2602 1
275 343 91 95 15549 1
357 400 7 25 3087 1
272 400 61 74 6425 1
383 385 186 201 21289 1
206 333 154 160 7031 1
297 400 86 89 9323 1
252 386 40 53 10784 1
296 400 126 127 21381 1
277 390 140 157 8143 1
