200     
226 318 16 21 25403 1
217 325 32 37 16570 3
228 327 13 17 4901 1
161 368 6 23 20440 1
232 319 14 24 16759 2
170 363 24 28 17800 1
224 335 37 46 11246 4
196 157 373 387 166 2
180 360 11 14 26866 1
219 257 50 68 12626 1
234 291 27 41 765 4
211 321 27 32 14791 1
230 321 30 41 25819 3
224 249 30 35 16737 4
172 340 48 53 6369 3
161 373 28 36 12581 1
226 249 27 30 3029 3
198 317 7 22 19113 1
196 320 7 17 18520 1
213 149 594 613 569 1
211 228 32 44 21702 2
203 205 20 28 19891 2
231 327 57 63 23877 3
214 276 43 55 17987 1
173 342 43 54 14637 1
218 323 9 15 21737 1
195 339 21 22 19851 1
182 348 7 20 27085 1
208 326 37 46 14048 2
191 219 277 285 337 2
206 235 14 15 20141 1
163 358 31 39 23267 2
220 281 33 52 21636 4
194 318 13 19 16146 2
228 167 758 776 29 2
221 335 28 30 3757 1
233 308 61 76 3714 3
220 334 13 32 439 1
199 321 20 27 1266 4
153 219 553 554 546 2
216 248 40 55 593 4
145 135 83 91 223 2
159 365 41 56 20245 3
215 282 26 30 12806 1
193 340 25 39 16661 4
178 344 49 50 12529 1
221 326 24 40 6019 1
214 269 49 50 11929 4
227 311 20 36 13959 1
228 297 25 44 1992 1
224 330 18 36 5315 3
222 333 13 23 23295 1
229 330 34 42 8961 3
215 315 19 27 8371 4
142 212 138 154 408 1
166 177 465 467 90 2
222 335 12 22 402 1
174 342 47 52 4961 3
221 255 54 55 2247 1
225 320 21 26 3430 2
162 373 26 41 22702 1
203 321 41 44 26650 2
217 337 23 26 7965 1
215 326 13 32 16678 1
216 336 26 39 25887 1
215 156 242 249 213 1
231 302 32 42 15454 2
220 335 15 29 12327 2
210 266 43 50 1720 1
178 343 38 56 22029 1
230 318 26 37 6282 1
181 353 7 16 19030 1
232 327 25 34 13077 4
221 337 33 44 899 3
150 159 1044 1046 99 1
215 274 47 57 6422 4
196 346 29 38 11640 1
162 363 31 44 466 3
231 318 24 26 11999 2
238 289 18 37 18053 1
170 342 39 44 26293 1
224 248 31 35 896 4
170 181 1169 1181 526 1
196 338 23 32 25320 1
210 313 21 25 24800 4
177 346 53 67 4151 4
225 297 41 45 9079 2
221 187 53 56 36 2
211 322 29 47 8705 2
204 165 1320 1325 53 2
230 322 6 19 15639 1
210 319 28 33 13037 1
217 333 28 34 12052 3
230 326 15 31 18269 1
168 144 920 928 160 1
231 324 20 39 23492 1
215 242 27 36 23836 2
198 161 962 980 267 2
204 317 31 42 18058 3
227 317 45 60 19852 4
215 314 14 31 15754 1
100 177 686 690 421 1
161 364 34 51 25016 1
193 159 1216 1223 64 2
215 336 22 26 15698 3
197 316 12 24 1772 1
191 172 528 541 579 1
212 229 29 45 19422 1
187 338 45 62 19588 3
214 331 24 41 18801 2
231 326 18 28 25277 1
233 301 53 66 9607 3
174 335 38 40 20723 1
195 337 30 34 9398 4
173 382 13 19 23416 4
229 325 14 19 6786 1
231 319 22 35 19037 1
209 319 33 40 14011 2
198 200 240 249 295 1
167 373 30 40 15365 1
225 338 27 32 24471 1
216 334 19 21 1595 1
235 304 48 54 4764 1
160 373 21 27 25962 1
167 369 16 29 5715 1
215 273 16 26 22250 1
221 241 16 35 20541 1
210 214 20 39 3177 1
202 159 612 624 375 2
129 139 367 370 25 1
228 278 39 56 5807 2
221 330 26 37 12780 4
221 318 15 30 24419 1
178 158 635 641 120 1
145 217 98 113 552 2
163 371 22 41 4160 3
219 274 28 39 767 1
167 363 23 41 24450 1
231 320 11 15 12941 1
191 325 14 19 3199 1
212 216 42 45 19908 3
193 330 21 30 21194 3
223 246 27 38 4467 1
210 205 436 438 159 2
176 335 30 44 19317 4
174 338 42 46 3081 3
213 220 20 23 22042 1
237 284 17 31 24004 1
218 244 25 28 14412 1
193 314 18 33 10162 1
170 382 17 19 21726 3
169 373 40 53 20687 2
210 320 30 47 1517 1
136 133 389 399 126 2
203 206 18 19 18910 2
167 380 33 50 16559 2
171 160 120 132 156 1
213 207 29 36 26995 1
159 368 28 37 19700 3
217 230 22 33 12687 1
219 264 32 36 19787 1
217 332 24 43 19785 1
172 373 36 40 24997 4
121 189 571 582 97 1
171 363 22 38 16478 3
229 317 23 33 17824 1
213 273 49 52 24652 1
168 360 23 32 18876 1
216 329 18 20 6935 2
208 207 11 28 18676 1
224 329 9 23 12571 1
188 341 40 47 24108 2
193 182 1243 1248 406 1
172 341 21 39 14258 1
215 210 34 50 3903 3
146 153 56 60 251 1
222 338 16 24 8506 2
165 379 21 26 16819 1
195 170 523 533 549 2
236 318 27 39 9127 1
208 222 27 30 19309 3
189 184 1016 1021 542 1
147 147 449 450 131 1
223 335 9 23 5774 1
233 316 37 56 18573 1
173 384 10 23 9934 1
213 146 1154 1172 36 2
230 317 23 40 10248 1
202 318 35 48 2682 1
173 341 45 52 14024 2
235 292 24 38 16623 4
128 203 782 782 205 2
215 263 65 68 3109 3
211 320 29 32 23628 4
171 368 36 53 10455 1
202 322 24 34 4794 1
231 314 21 37 18466 3
220 314 29 36 13395 4
221 316 33 38 20579 3
178 350 13 22 1015 1
