58     
234 201 82 91 14935 1
208 218 56 68 19963 2
200 197 101 103 11800 1
219 226 124 131 18159 1
223 200 47 55 6413 1
202 197 69 75 11869 1
196 229 131 141 473 2
227 218 67 84 13613 2
198 202 61 78 26779 1
188 217 137 154 13031 1
207 215 158 171 421 2
186 224 120 127 5343 1
197 204 107 124 18628 1
186 193 109 116 20281 1
229 205 132 136 22955 1
185 217 94 96 14779 1
197 200 50 56 20985 1
204 222 68 85 17396 1
206 206 174 192 21986 2
199 201 18 33 9086 1
204 231 137 151 19620 1
203 197 87 94 7649 1
221 212 38 39 12069 2
216 205 163 179 25205 2
178 206 75 91 12621 1
199 202 86 90 25891 1
201 186 99 110 18277 1
206 216 48 54 9402 2
189 202 134 148 21938 1
216 222 91 102 12048 1
216 215 83 88 1417 2
202 201 57 67 19346 2
219 217 43 58 26305 2
188 199 1132 1151 230 1
201 180 106 110 2789 1
221 216 33 48 12074 1
196 198 126 132 19317 2
202 198 180 182 6433 2
239 201 94 112 22551 2
212 188 73 92 18231 1
206 186 39 46 23384 1
217 226 53 56 4071 1
199 196 5 14 4878 1
200 204 118 120 14045 1
192 201 10 15 21945 1
225 213 138 139 1545 1
190 183 86 101 2519 2
204 218 43 60 4752 1
189 211 89 101 10472 2
196 223 34 37 19654 2
205 214 101 114 5194 1
228 207 98 111 18084 2
209 227 68 85 4858 1
195 189 173 179 12155 1
213 189 64 73 21732 2
199 199 52 58 5612 1
215 201 36 54 6153 1
174 200 140 142 15728 1
