25     
306 302 367 369 8645 2
357 331 249 260 5409 1
400 266 351 358 3486 1
320 343 369 379 17409 1
316 209 196 208 11884 2
400 246 372 385 13862 2
312 349 380 394 25308 1
176 229 605 622 214 1
400 400 483 491 21223 1
175 206 620 624 363 3
400 371 189 190 24536 1
226 394 219 232 25657 2
276 263 316 321 1660 1
244 400 199 200 10410 1
384 151 233 240 2606 1
270 400 172 179 17756 1
328 308 163 177 11347 1
271 268 334 349 13180 1
271 147 606 612 307 5
204 139 62 76 17841 1
299 400 147 153 17409 1
341 233 232 242 24388 2
236 194 518 522 400 2
238 175 296 305 15 5
205 216 1383 1398 311 5
