58     
323 400 79 95 19645 1
379 400 66 78 13684 1
393 288 87 96 24333 1
350 389 89 94 24918 1
249 118 1230 1247 333 2
376 355 130 131 1935 1
344 400 101 104 23562 1
266 267 97 113 14826 1
258 244 123 126 4886 1
398 399 55 73 12783 1
170 166 1374 1392 226 1
316 250 77 80 22626 1
400 370 77 81 12788 1
400 366 155 164 563 1
400 400 168 176 9355 1
351 400 106 110 3920 1
335 305 149 152 15678 1
400 292 103 119 13756 1
400 312 100 103 11959 1
374 400 82 93 1374 1
334 263 165 167 5199 1
349 400 103 122 21635 1
336 265 169 176 15708 1
302 241 107 119 15976 1
322 398 75 92 23611 1
191 177 800 805 400 1
144 167 1153 1162 280 1
349 375 133 150 26020 1
113 169 938 942 231 2
400 367 99 108 18043 1
394 337 42 54 8955 1
315 261 99 101 15043 1
215 227 31 40 13970 1
169 114 369 379 182 2
400 342 33 37 3370 1
395 271 128 139 17722 1
258 220 57 58 1740 1
145 226 721 726 352 2
382 390 36 40 8782 1
393 359 111 129 3408 1
217 247 1244 1256 162 2
113 188 1312 1315 306 2
299 241 111 117 1384 1
399 394 139 150 11584 1
334 224 56 64 10828 1
334 399 91 97 2199 1
386 358 99 107 17798 1
400 286 96 103 10657 1
360 394 102 119 14057 1
396 366 12 16 20167 1
399 400 88 101 22388 1
394 400 82 85 997 1
400 291 78 95 11235 1
361 400 208 224 630 1
340 250 46 56 14347 1
400 382 149 168 23472 1
337 249 51 59 7494 1
348 400 73 84 19075 1
