25
100 120 0 1440 500 170
320 40 0 1440 625 90
145 235 0 1440 13 471
150 105 0 1440 1196 35
225 375 0 1440 420 294
30 245 0 1440 763 645
200 350 0 1440 90 70
350 245 0 1440 1090 308
235 15 0 1440 18 163
335 360 0 1440 654 521
210 180 0 1440 60 100
235 230 0 1440 662 113
200 150 0 1440 45 190
150 300 0 1440 1000 170
5 90 0 1440 219 259
340 255 0 1440 42 774
140 395 0 1440 619 963
80 100 0 1440 766 530
345 265 0 1440 539 90
300 180 0 1440 60 200
170 250 0 1440 23 287
100 110 0 1440 480 200
285 395 0 1440 1027 567
150 60 0 1440 135 100
110 400 0 1440 651 962
