150
155 5 0 1440 277 325
35 110 0 1440 437 199
255 300 0 1440 303 282
0 20 0 1440 425 476
180 20 0 1440 60 100
175 105 0 1440 10 863
165 260 0 1440 429 532
335 190 0 1440 51 778
165 75 0 1440 10 191
335 360 0 1440 199 495
0 90 0 1440 356 838
50 45 0 1440 526 810
90 90 0 1440 80 120
150 330 0 1440 522 273
245 205 0 1440 10 962
150 90 0 1440 90 20
65 25 0 1440 425 235
180 165 0 1440 10 460
260 180 0 1440 400 50
360 155 0 1440 35 15
175 315 0 1440 310 867
285 320 0 1440 28 635
45 220 0 1440 49 851
230 30 0 1440 566 740
90 270 0 1440 55 483
75 250 0 1440 138 159
165 215 0 1440 537 616
275 280 0 1440 180 946
110 275 0 1440 219 828
225 120 0 1440 200 90
90 5 0 1440 45 877
380 130 0 1440 228 479
375 75 0 1440 354 984
265 270 0 1440 447 400
345 280 0 1440 157 184
40 15 0 1440 444 886
250 100 0 1440 45 90
65 95 0 1440 350 176
330 375 0 1440 559 263
35 320 0 1440 280 387
240 235 0 1440 534 938
300 210 0 1440 105 50
165 100 0 1440 10 557
275 335 0 1440 307 561
90 315 0 1440 458 941
180 165 0 1440 10 710
150 230 0 1440 271 870
195 300 0 1440 99 830
190 15 0 1440 581 961
185 115 0 1440 10 343
115 395 0 1440 223 406
370 230 0 1440 316 905
150 240 0 1440 429 246
20 290 0 1440 456 175
335 190 0 1440 512 779
210 395 0 1440 257 413
65 160 0 1440 259 115
50 335 0 1440 405 990
65 370 0 1440 276 464
260 70 0 1440 534 891
75 105 0 1440 49 447
290 400 0 1440 396 250
65 40 0 1440 161 634
195 170 0 1440 10 603
205 395 0 1440 66 112
85 265 0 1440 494 842
115 10 0 1440 113 705
370 25 0 1440 400 794
265 310 0 1440 153 624
175 145 0 1440 10 692
160 235 0 1440 139 610
235 50 0 1440 56 412
370 285 0 1440 555 112
140 370 0 1440 499 88
0 260 0 1440 247 778
375 220 0 1440 198 612
0 370 0 1440 288 903
400 300 0 1440 55 543
20 40 0 1440 420 625
400 125 0 1440 97 691
35 400 0 1440 267 570
235 25 0 1440 311 205
345 265 0 1440 542 863
150 115 0 1440 10 245
100 380 0 1440 126 454
235 265 0 1440 383 896
40 110 0 1440 359 314
45 340 0 1440 85 736
345 130 0 1440 259 635
220 370 0 1440 45 253
240 85 0 1440 28 648
310 90 0 1440 175 174
25 60 0 1440 437 686
320 210 0 1440 480 384
340 390 0 1440 41 357
385 105 0 1440 216 591
280 200 0 1440 10 53
75 265 0 1440 208 549
230 295 0 1440 462 131
10 365 0 1440 194 441
165 125 0 1440 10 50
165 160 0 1440 10 384
240 90 0 1440 300 473
360 100 0 1440 23 132
225 185 0 1440 71 30
240 130 0 1440 180 100
90 300 0 1440 343 802
155 135 0 1440 10 385
335 85 0 1440 219 520
355 370 0 1440 216 752
160 100 0 1440 10 100
335 30 0 1440 294 963
290 55 0 1440 30 358
150 265 0 1440 533 556
205 170 0 1440 10 525
25 185 0 1440 566 139
320 15 0 1440 294 817
150 150 0 1440 20 100
280 390 0 1440 101 261
335 10 0 1440 385 480
335 350 0 1440 590 636
140 390 0 1440 297 360
20 140 0 1440 514 870
310 380 0 1440 421 181
185 275 0 1440 122 408
225 290 0 1440 381 37
175 275 0 1440 152 205
395 195 0 1440 49 586
220 40 0 1440 350 50
325 160 0 1440 35 134
245 180 0 1440 10 534
115 135 0 1440 579 346
160 15 0 1440 25 180
170 165 0 1440 10 824
225 170 0 1440 10 414
320 340 0 1440 517 422
105 100 0 1440 10 54
70 80 0 1440 87 973
50 295 0 1440 360 644
0 155 0 1440 106 366
210 225 0 1440 180 40
280 40 0 1440 178 981
255 360 0 1440 494 820
35 320 0 1440 14 32
5 200 0 1440 417 263
400 145 0 1440 12 963
20 215 0 1440 31 716
270 290 0 1440 426 632
370 255 0 1440 28 83
270 250 0 1440 205 70
