180
325 275 0 1440 336 132
320 310 0 1440 500 526
365 255 0 1440 201 478
75 340 0 1440 136 120
275 400 0 1440 121 761
175 310 0 1440 283 920
40 80 0 1440 400 52
265 370 0 1440 200 149
190 150 0 1440 52 515
210 120 0 1440 71 71
310 400 0 1440 317 673
355 140 0 1440 291 88
85 315 0 1440 552 821
260 95 0 1440 89 225
35 225 0 1440 389 921
145 215 0 1440 549 104
380 245 0 1440 582 819
395 335 0 1440 80 119
215 5 0 1440 463 610
190 275 0 1440 108 519
60 20 0 1440 136 971
15 175 0 1440 587 111
200 365 0 1440 56 330
305 55 0 1440 316 827
190 375 0 1440 186 593
30 300 0 1440 577 566
165 330 0 1440 505 948
375 400 0 1440 537 332
65 135 0 1440 127 699
80 160 0 1440 196 671
375 25 0 1440 446 143
25 215 0 1440 95 394
365 170 0 1440 503 866
75 105 0 1440 583 154
105 50 0 1440 270 257
150 160 0 1440 80 280
115 200 0 1440 157 438
240 50 0 1440 286 614
340 20 0 1440 386 623
210 270 0 1440 80 371
275 60 0 1440 245 922
345 80 0 1440 53 392
145 40 0 1440 26 109
65 380 0 1440 250 673
95 330 0 1440 286 721
365 360 0 1440 134 36
275 365 0 1440 281 119
400 290 0 1440 401 215
15 360 0 1440 502 748
330 245 0 1440 592 784
110 230 0 1440 339 504
155 170 0 1440 190 732
40 100 0 1440 445 239
235 160 0 1440 500 833
200 10 0 1440 27 780
295 220 0 1440 354 17
205 345 0 1440 34 359
170 140 0 1440 21 646
225 385 0 1440 433 619
85 35 0 1440 247 881
275 150 0 1440 162 176
190 15 0 1440 38 968
260 20 0 1440 398 507
355 0 0 1440 124 165
75 80 0 1440 41 877
135 165 0 1440 395 693
165 95 0 1440 36 999
55 325 0 1440 149 53
200 230 0 1440 522 250
20 290 0 1440 452 125
395 220 0 1440 97 130
40 305 0 1440 301 602
235 380 0 1440 501 728
170 150 0 1440 56 913
105 320 0 1440 548 126
375 80 0 1440 104 280
320 140 0 1440 419 811
240 290 0 1440 174 435
265 185 0 1440 308 46
30 390 0 1440 311 704
85 230 0 1440 485 717
205 210 0 1440 80 991
330 170 0 1440 375 473
65 380 0 1440 413 268
385 5 0 1440 451 64
245 5 0 1440 83 832
220 40 0 1440 100 47
380 355 0 1440 539 712
30 5 0 1440 356 698
240 65 0 1440 580 38
185 390 0 1440 368 579
100 90 0 1440 100 90
120 300 0 1440 332 440
320 245 0 1440 554 115
215 50 0 1440 103 756
30 40 0 1440 287 402
250 190 0 1440 180 45
80 195 0 1440 84 887
370 40 0 1440 54 647
200 100 0 1440 27 263
300 250 0 1440 28 260
75 155 0 1440 393 704
75 20 0 1440 47 931
165 190 0 1440 220 489
70 215 0 1440 589 770
10 185 0 1440 551 742
260 95 0 1440 587 533
200 45 0 1440 54 797
235 385 0 1440 481 628
190 350 0 1440 539 983
65 395 0 1440 505 169
305 75 0 1440 589 559
305 20 0 1440 64 903
260 370 0 1440 408 55
305 395 0 1440 138 567
25 240 0 1440 576 72
300 400 0 1440 564 399
300 165 0 1440 391 652
30 170 0 1440 503 329
95 145 0 1440 233 558
165 120 0 1440 44 838
245 375 0 1440 350 977
170 300 0 1440 343 393
365 280 0 1440 278 134
265 360 0 1440 349 456
380 200 0 1440 379 254
330 180 0 1440 458 918
240 390 0 1440 213 160
200 5 0 1440 205 84
205 0 0 1440 599 767
325 125 0 1440 471 312
345 350 0 1440 438 481
125 260 0 1440 416 971
190 230 0 1440 423 468
20 195 0 1440 194 671
125 0 0 1440 511 410
10 335 0 1440 530 370
75 25 0 1440 577 776
375 180 0 1440 550 973
85 240 0 1440 432 873
365 220 0 1440 15 494
150 375 0 1440 590 192
270 250 0 1440 350 80
35 80 0 1440 411 377
345 215 0 1440 550 940
295 225 0 1440 312 697
220 245 0 1440 537 372
25 20 0 1440 387 785
10 375 0 1440 232 324
140 125 0 1440 51 475
35 10 0 1440 33 284
140 280 0 1440 232 884
335 120 0 1440 271 183
265 185 0 1440 40 352
350 145 0 1440 518 788
400 210 0 1440 560 986
205 115 0 1440 12 488
320 170 0 1440 420 928
0 45 0 1440 265 475
385 390 0 1440 112 966
190 20 0 1440 105 154
270 265 0 1440 254 119
340 260 0 1440 70 745
345 305 0 1440 163 193
320 150 0 1440 89 257
360 285 0 1440 274 150
180 75 0 1440 54 985
25 75 0 1440 112 282
330 270 0 1440 195 782
385 100 0 1440 394 193
215 135 0 1440 22 804
115 175 0 1440 197 443
80 0 0 1440 440 578
350 175 0 1440 587 194
375 210 0 1440 573 342
90 90 0 1440 60 105
150 175 0 1440 349 670
340 370 0 1440 156 251
150 150 0 1440 90 290
190 265 0 1440 336 587
