200
365 310 0 1440 208 832
60 75 0 1440 196 774
115 155 0 1440 505 914
150 165 0 1440 116 26
35 235 0 1440 430 158
180 310 0 1440 20 810
215 175 0 1440 10 255
305 190 0 1440 237 795
355 150 0 1440 162 207
140 175 0 1440 157 131
145 15 0 1440 406 992
400 50 0 1440 280 256
125 205 0 1440 591 409
220 5 0 1440 344 578
130 310 0 1440 489 649
210 225 0 1440 180 40
315 215 0 1440 68 858
175 340 0 1440 61 339
285 65 0 1440 440 997
180 20 0 1440 60 100
210 165 0 1440 10 258
20 335 0 1440 558 440
215 95 0 1440 10 284
220 230 0 1440 150 624
120 90 0 1440 450 172
210 320 0 1440 402 540
145 335 0 1440 442 178
300 210 0 1440 105 50
85 195 0 1440 484 474
60 355 0 1440 43 794
0 375 0 1440 421 235
225 330 0 1440 505 746
250 100 0 1440 45 90
195 25 0 1440 110 885
155 380 0 1440 210 839
275 190 0 1440 395 556
10 115 0 1440 248 839
305 160 0 1440 260 11
370 380 0 1440 349 512
75 50 0 1440 157 499
155 105 0 1440 10 959
40 50 0 1440 518 995
80 30 0 1440 513 760
45 370 0 1440 247 339
45 40 0 1440 198 270
125 375 0 1440 543 690
180 135 0 1440 10 429
35 290 0 1440 400 402
240 130 0 1440 180 100
380 345 0 1440 123 260
65 195 0 1440 109 77
5 395 0 1440 577 796
70 10 0 1440 423 651
30 110 0 1440 140 142
160 345 0 1440 527 741
310 100 0 1440 28 986
380 235 0 1440 107 477
130 325 0 1440 345 729
330 280 0 1440 71 67
35 330 0 1440 285 250
190 160 0 1440 10 297
235 255 0 1440 31 324
275 100 0 1440 593 132
210 110 0 1440 10 21
195 340 0 1440 438 231
355 55 0 1440 540 437
35 250 0 1440 399 462
15 330 0 1440 206 313
250 190 0 1440 10 235
130 250 0 1440 495 465
290 0 0 1440 46 885
85 390 0 1440 268 22
255 310 0 1440 88 106
190 290 0 1440 158 721
85 295 0 1440 515 709
165 345 0 1440 291 202
175 15 0 1440 264 494
295 180 0 1440 62 951
150 310 0 1440 135 891
50 105 0 1440 573 54
40 220 0 1440 268 196
0 270 0 1440 19 461
255 55 0 1440 232 397
185 105 0 1440 10 156
5 220 0 1440 539 416
100 165 0 1440 402 173
265 40 0 1440 520 573
95 220 0 1440 509 207
50 155 0 1440 384 258
180 310 0 1440 389 511
225 120 0 1440 200 90
65 145 0 1440 563 909
225 185 0 1440 71 30
290 95 0 1440 522 585
270 260 0 1440 519 737
95 210 0 1440 100 826
90 90 0 1440 80 120
360 275 0 1440 39 974
140 220 0 1440 358 94
385 310 0 1440 117 351
215 390 0 1440 468 31
215 70 0 1440 221 107
210 335 0 1440 184 149
220 40 0 1440 350 50
385 305 0 1440 400 444
345 75 0 1440 498 962
345 125 0 1440 512 442
270 265 0 1440 411 587
375 75 0 1440 297 857
40 75 0 1440 455 634
385 30 0 1440 463 951
310 120 0 1440 291 897
105 345 0 1440 503 62
35 285 0 1440 175 754
115 70 0 1440 221 314
20 355 0 1440 275 457
60 70 0 1440 562 781
365 365 0 1440 19 784
300 385 0 1440 301 625
370 10 0 1440 124 385
280 30 0 1440 69 775
50 390 0 1440 427 560
80 65 0 1440 370 224
295 225 0 1440 512 207
275 200 0 1440 10 770
170 265 0 1440 201 762
110 390 0 1440 77 978
110 305 0 1440 223 776
95 110 0 1440 375 792
25 115 0 1440 183 297
270 250 0 1440 205 70
30 400 0 1440 127 580
240 300 0 1440 25 487
215 40 0 1440 304 688
340 25 0 1440 358 88
375 245 0 1440 485 175
45 315 0 1440 87 171
25 235 0 1440 465 994
210 245 0 1440 90 799
295 135 0 1440 55 608
320 290 0 1440 258 987
105 265 0 1440 508 406
390 140 0 1440 543 650
5 230 0 1440 93 646
25 110 0 1440 309 993
40 275 0 1440 542 150
235 130 0 1440 173 76
210 295 0 1440 471 223
90 60 0 1440 524 395
235 180 0 1440 10 513
150 90 0 1440 90 20
325 75 0 1440 124 864
275 250 0 1440 242 842
390 60 0 1440 483 660
115 225 0 1440 531 43
120 145 0 1440 515 979
150 150 0 1440 20 100
260 180 0 1440 400 50
85 275 0 1440 265 946
345 55 0 1440 82 130
210 215 0 1440 10 508
190 350 0 1440 48 301
340 160 0 1440 251 425
45 365 0 1440 517 571
180 125 0 1440 10 670
210 160 0 1440 10 952
340 85 0 1440 536 524
165 15 0 1440 200 522
395 165 0 1440 122 804
150 330 0 1440 131 313
335 390 0 1440 551 805
325 245 0 1440 547 928
30 280 0 1440 408 341
95 155 0 1440 201 242
305 175 0 1440 580 25
215 395 0 1440 580 589
315 95 0 1440 75 551
240 120 0 1440 16 508
280 230 0 1440 10 365
355 50 0 1440 553 813
120 260 0 1440 466 264
5 285 0 1440 523 734
345 240 0 1440 77 695
215 275 0 1440 530 144
40 315 0 1440 240 13
160 100 0 1440 10 100
120 185 0 1440 326 79
170 210 0 1440 22 39
155 345 0 1440 383 439
55 60 0 1440 578 322
10 355 0 1440 347 947
340 10 0 1440 144 198
390 385 0 1440 513 973
120 100 0 1440 10 800
195 280 0 1440 458 967
185 145 0 1440 10 701
360 35 0 1440 532 278
145 75 0 1440 588 739
305 350 0 1440 585 585
335 295 0 1440 587 62
