60
170 290 0 1440 313 455
90 90 0 1440 60 105
290 150 0 1440 440 564
190 20 0 1440 105 154
230 85 0 1440 420 149
210 120 0 1440 71 71
155 230 0 1440 257 763
150 160 0 1440 80 200
305 220 0 1440 101 57
110 190 0 1440 482 929
130 295 0 1440 337 258
120 190 0 1440 435 858
315 190 0 1440 456 803
190 105 0 1440 25 745
310 175 0 1440 91 278
110 110 0 1440 306 920
270 305 0 1440 567 739
350 285 0 1440 558 76
385 45 0 1440 523 954
365 5 0 1440 54 349
40 370 0 1440 104 165
380 95 0 1440 346 675
110 75 0 1440 17 995
120 220 0 1440 253 340
275 265 0 1440 43 713
95 245 0 1440 275 929
285 155 0 1440 210 668
365 20 0 1440 239 15
150 150 0 1440 90 290
250 190 0 1440 180 45
150 85 0 1440 38 111
205 45 0 1440 517 699
40 80 0 1440 400 52
280 390 0 1440 367 561
200 5 0 1440 205 84
360 235 0 1440 479 443
100 140 0 1440 474 863
395 330 0 1440 500 35
340 50 0 1440 467 361
260 150 0 1440 506 152
370 0 0 1440 179 582
100 90 0 1440 100 90
165 290 0 1440 180 511
205 320 0 1440 121 632
205 275 0 1440 573 795
70 60 0 1440 542 941
100 20 0 1440 468 424
225 240 0 1440 504 626
340 230 0 1440 46 902
265 180 0 1440 521 74
275 300 0 1440 61 368
280 105 0 1440 545 167
150 200 0 1440 12 459
25 265 0 1440 547 942
20 20 0 1440 479 892
175 90 0 1440 47 599
85 385 0 1440 288 542
240 25 0 1440 407 511
270 250 0 1440 350 80
330 310 0 1440 172 409
