60
150 150 0 1440 20 70
305 320 0 1440 280 416
185 195 0 1440 23 55
390 145 0 1440 304 832
90 90 0 1440 80 300
300 210 0 1440 125 50
315 190 0 1440 307 968
160 130 0 1440 10 94
160 60 0 1440 37 951
225 120 0 1440 200 70
80 145 0 1440 54 670
145 20 0 1440 116 121
150 90 0 1440 90 20
160 100 0 1440 10 100
165 285 0 1440 424 143
350 175 0 1440 412 405
370 125 0 1440 350 506
80 180 0 1440 416 839
180 35 0 1440 10 650
75 30 0 1440 246 932
285 350 0 1440 399 983
290 395 0 1440 341 851
25 330 0 1440 28 725
310 135 0 1440 200 432
85 190 0 1440 382 596
225 185 0 1440 75 10
125 285 0 1440 224 391
310 160 0 1440 95 935
225 180 0 1440 10 82
250 100 0 1440 45 90
35 60 0 1440 114 797
375 170 0 1440 324 747
80 80 0 1440 429 521
365 40 0 1440 404 582
240 130 0 1440 180 100
40 80 0 1440 375 128
20 115 0 1440 120 786
65 5 0 1440 349 866
310 35 0 1440 41 880
15 165 0 1440 389 384
390 265 0 1440 85 218
110 390 0 1440 83 594
295 125 0 1440 185 134
240 235 0 1440 259 164
205 285 0 1440 72 786
20 130 0 1440 131 325
25 120 0 1440 270 71
310 80 0 1440 336 397
370 255 0 1440 244 836
130 125 0 1440 10 332
375 210 0 1440 394 419
180 20 0 1440 60 100
45 100 0 1440 194 826
395 55 0 1440 114 818
180 370 0 1440 348 219
385 155 0 1440 405 67
300 45 0 1440 62 771
285 255 0 1440 433 925
270 250 0 1440 235 60
110 55 0 1440 203 140
