25
240 135 0 1440 874 529
285 300 0 1440 487 363
210 180 0 1440 60 100
345 5 0 1440 1035 968
85 360 0 1440 1090 237
240 130 0 1440 482 703
200 350 0 1440 90 70
150 60 0 1440 135 100
100 120 0 1440 500 170
200 15 0 1440 617 133
0 285 0 1440 54 436
60 310 0 1440 458 789
75 315 0 1440 1025 576
375 65 0 1440 214 200
15 245 0 1440 951 985
200 150 0 1440 45 190
275 385 0 1440 603 958
320 40 0 1440 625 90
40 160 0 1440 906 971
100 110 0 1440 480 200
10 15 0 1440 691 927
300 180 0 1440 60 200
270 15 0 1440 398 320
150 300 0 1440 1000 170
170 145 0 1440 45 954
