25
45 280 0 1440 49 822
270 250 0 1440 235 160
160 260 0 1440 111 382
365 10 0 1440 282 294
235 15 0 1440 41 473
300 70 0 1440 132 195
225 120 0 1440 200 170
355 25 0 1440 420 645
195 115 0 1440 10 528
110 65 0 1440 313 959
200 155 0 1440 10 941
340 120 0 1440 50 726
300 210 0 1440 125 150
240 130 0 1440 180 200
180 20 0 1440 60 200
150 360 0 1440 134 22
345 80 0 1440 82 717
235 30 0 1440 42 564
250 100 0 1440 45 190
225 185 0 1440 75 110
150 90 0 1440 90 120
160 100 0 1440 10 100
120 270 0 1440 65 951
40 85 0 1440 11 896
10 170 0 1440 51 770
