55
90 90 0 1440 60 105
60 35 0 1440 464 264
400 175 0 1440 51 569
100 145 0 1440 70 73
300 215 0 1440 265 339
15 165 0 1440 430 892
0 185 0 1440 383 812
155 300 0 1440 596 19
150 190 0 1440 253 135
115 225 0 1440 216 257
10 255 0 1440 53 375
65 250 0 1440 349 967
125 400 0 1440 429 677
245 320 0 1440 400 623
145 175 0 1440 448 860
365 195 0 1440 381 307
230 175 0 1440 30 305
195 165 0 1440 13 764
125 205 0 1440 234 441
25 50 0 1440 182 619
90 125 0 1440 46 135
280 175 0 1440 215 499
190 20 0 1440 105 154
350 190 0 1440 475 183
205 355 0 1440 513 47
165 135 0 1440 19 803
150 160 0 1440 80 280
155 110 0 1440 20 349
275 285 0 1440 222 126
35 140 0 1440 302 762
250 190 0 1440 180 45
350 185 0 1440 94 927
325 120 0 1440 595 109
40 80 0 1440 400 52
200 5 0 1440 205 84
260 270 0 1440 459 222
330 340 0 1440 344 28
40 260 0 1440 551 309
275 375 0 1440 459 430
55 40 0 1440 480 36
175 55 0 1440 33 55
110 65 0 1440 30 999
270 250 0 1440 350 80
380 180 0 1440 444 948
185 400 0 1440 206 925
100 90 0 1440 100 90
330 340 0 1440 512 606
235 55 0 1440 464 309
150 150 0 1440 90 290
385 215 0 1440 149 266
210 120 0 1440 71 71
305 95 0 1440 191 307
170 120 0 1440 49 706
25 295 0 1440 163 631
105 195 0 1440 89 310
