200
206 245 817 842 84 73
178 171 1321 1411 74 23
281 116 384 1268 68 25
165 191 401 544 76 579
257 214 472 743 57 44
203 240 1015 1404 36 207
232 171 408 1196 70 450
275 241 854 1058 68 514
151 251 1172 1334 42 221
224 164 644 970 46 174
246 289 1126 1188 70 203
239 218 1237 1365 6 135
169 152 1096 1390 78 157
190 242 466 1193 83 288
206 274 1002 1236 51 10
181 125 60 518 3 838
202 230 267 1248 9 741
158 240 806 842 31 45
174 133 444 1358 15 485
156 120 1336 1369 15 82
288 281 1053 1270 16 139
199 178 228 1316 40 676
238 217 82 1270 12 851
176 290 1257 1421 97 66
191 182 308 1371 16 534
189 114 885 888 59 262
189 112 844 1138 48 572
165 149 283 1323 84 522
167 251 65 713 92 1149
270 163 272 471 29 174
174 139 100 126 40 441
204 238 25 766 79 282
153 269 1072 1147 28 292
123 125 1057 1438 24 382
280 190 960 1052 100 167
116 176 783 1026 36 583
164 171 609 965 80 383
133 257 1285 1422 56 150
206 263 221 1201 23 486
232 118 1220 1373 86 204
131 258 753 1037 83 596
166 185 296 534 90 539
172 216 1323 1405 35 11
250 137 565 683 20 453
187 165 1278 1440 31 37
196 294 879 1159 56 154
100 205 1330 1401 28 90
178 257 106 752 1 1168
284 240 1406 1420 37 21
248 165 36 326 2 202
214 207 635 1043 34 68
109 236 453 989 31 382
262 278 986 1347 96 109
173 211 231 1082 100 782
213 158 1020 1264 64 419
289 239 159 341 94 575
169 102 218 629 5 971
280 295 1175 1340 31 57
287 269 1130 1354 7 270
275 265 430 944 81 339
172 183 128 923 54 497
120 162 892 1114 63 484
190 279 34 291 100 1172
230 118 1093 1334 71 326
194 234 1393 1420 88 37
134 186 472 473 85 857
276 144 924 1169 20 230
203 235 1093 1361 93 258
112 117 889 1367 81 521
285 274 860 1055 46 539
259 215 237 1263 43 1058
164 181 918 1178 71 352
265 287 621 642 27 291
209 237 1079 1381 72 337
141 217 4 783 73 644
167 257 372 1342 5 963
169 297 939 1381 40 254
196 297 561 998 50 39
245 244 503 597 37 319
103 107 197 289 9 296
300 130 874 1282 12 355
159 120 1025 1326 7 247
129 178 1101 1307 59 312
256 104 1250 1252 49 19
115 225 1051 1223 0 37
235 188 1217 1418 25 159
266 195 352 389 29 139
107 244 708 998 3 356
137 134 477 1285 36 100
153 102 17 90 69 695
201 193 360 1131 66 28
152 268 525 1355 63 504
239 178 371 1047 90 758
228 195 494 845 31 530
101 121 782 1285 75 256
272 278 1158 1375 4 185
157 295 260 471 92 420
236 111 954 1045 13 309
292 201 1393 1402 95 2
139 279 526 558 62 559
118 160 869 1154 75 244
114 277 610 1348 45 82
279 192 405 567 57 588
251 113 950 1329 85 50
246 263 292 1423 73 114
147 220 821 1019 54 502
141 124 1074 1278 7 23
103 219 928 1405 6 183
211 179 445 1080 67 119
223 256 712 1328 2 587
169 264 38 386 11 822
100 166 319 868 55 242
194 296 1019 1231 99 59
103 207 1280 1319 16 70
278 254 115 716 98 995
237 176 92 447 19 51
214 115 1242 1277 77 71
113 137 159 756 15 57
182 235 1423 1436 94 15
128 177 558 755 50 450
190 157 871 1428 68 236
154 177 250 1165 68 541
207 168 151 1397 51 730
269 149 422 1264 15 544
105 124 1014 1224 3 222
120 266 972 1156 95 330
145 263 871 1226 65 375
272 184 728 1081 22 422
253 178 571 885 93 510
273 200 13 930 32 1265
277 190 1127 1281 85 303
212 132 462 863 98 139
177 160 31 52 45 286
186 273 513 593 89 530
159 254 189 951 26 1010
194 274 915 935 90 23
257 216 442 646 37 0
253 131 1179 1377 88 258
161 241 94 242 28 360
216 150 1384 1411 11 30
171 156 606 840 98 250
203 178 993 1253 29 406
106 187 875 1205 42 130
145 160 974 1359 62 129
252 236 1011 1182 62 284
176 168 802 1195 35 293
239 244 468 566 70 924
181 144 473 1303 73 97
178 138 934 1262 47 272
121 272 1000 1229 15 400
240 168 913 1401 79 312
290 265 674 1245 83 206
132 220 558 651 55 349
151 263 535 793 88 130
136 293 987 1283 6 140
299 153 947 1295 90 340
207 200 852 1033 56 579
158 240 1044 1236 75 144
171 216 37 693 83 783
128 200 541 563 41 861
261 208 290 1209 51 1080
101 206 834 864 69 525
231 110 1256 1419 28 181
298 214 42 395 17 720
176 217 844 1182 5 468
267 166 895 1074 1 22
134 208 511 988 54 463
112 215 348 1125 12 183
132 105 1137 1390 37 286
210 297 1391 1398 26 28
187 234 1320 1367 59 20
230 236 514 940 47 133
197 292 1358 1423 18 52
269 116 1271 1303 43 106
215 244 997 1005 42 325
280 258 447 1435 19 554
102 169 1308 1365 100 53
288 102 748 769 72 497
228 243 786 1056 66 284
175 288 1146 1152 67 220
174 167 1086 1422 69 208
191 199 823 1302 75 327
121 278 81 458 69 1115
230 293 1016 1139 34 398
209 213 308 375 47 190
264 269 429 1277 97 746
229 192 272 643 9 373
149 293 345 471 84 288
267 173 548 1106 38 812
189 192 759 903 32 274
400 0 354 831 27142 833
200 400 887 1151 27125 358
200 0 742 1322 27124 546
200 200 1259 1368 27061 156
400 200 792 1131 27138 320
200 400 1097 1199 27178 329
200 0 255 717 27178 675
400 200 1210 1329 27043 100
0 400 511 797 27107 499
0 0 1243 1249 27051 37