60
73 90 267 772 47 343
127 195 1148 1236 46 57
17 189 1110 1253 67 24
24 174 1042 1064 11 373
180 87 813 1168 86 270
100 23 242 975 50 1014
38 15 895 1112 23 388
7 25 363 1053 80 323
127 141 436 1308 66 90
56 102 560 1153 3 633
29 1 1311 1353 91 57
164 122 137 308 36 913
137 36 269 281 5 1168
174 44 497 1300 88 13
148 172 1257 1419 30 112
104 126 1053 1435 63 283
9 177 896 1405 54 395
197 75 1140 1318 36 211
50 173 642 1090 34 568
31 110 465 875 20 531
185 42 1309 1313 93 28
88 28 429 855 79 202
187 17 598 936 8 679
130 193 6 1212 71 665
136 51 594 1092 21 536
189 125 618 781 43 717
180 131 680 1402 91 287
200 46 381 860 0 97
149 105 709 1373 27 121
171 100 151 707 87 612
192 25 543 917 5 897
136 181 1072 1159 86 234
122 183 1420 1438 95 1
1 149 1206 1282 86 172
55 122 104 1101 59 148
192 158 256 723 8 1052
80 28 1199 1237 47 166
6 118 1110 1345 13 221
108 6 947 1111 98 373
199 3 1318 1365 24 66
116 118 1230 1250 59 134
95 178 373 642 21 561
13 133 729 1074 21 114
183 96 1080 1401 41 199
49 78 277 1057 3 748
105 106 1212 1301 98 155
102 28 749 1430 95 353
94 174 467 1161 73 160
94 43 107 1157 66 489
148 51 501 627 87 492
114 77 1431 1435 53 6
122 184 853 1131 5 433
69 133 291 1382 90 480
121 97 168 698 85 13
155 36 1099 1188 81 61
43 58 1216 1398 46 191
82 17 11 1436 1 756
15 124 226 708 74 693
109 169 721 861 68 530
400 400 860 860 27200 1