200
0 0 1176 1434 134 46
0 0 527 633 4182 128
0 0 92 1423 11832 1309
0 0 983 1422 19710 232
0 0 999 1069 15415 87
0 0 97 1431 5764 641
0 0 575 1303 6457 206
0 0 1012 1182 3350 415
0 0 599 1005 9990 491
0 0 311 620 6163 581
0 0 425 832 18956 786
0 0 68 288 21418 361
0 0 26 1147 26273 327
0 0 979 1180 25700 169
0 0 565 1383 6970 426
0 0 909 1104 4934 179
0 0 1011 1370 5142 243
0 0 33 410 26191 1132
0 0 812 1052 21554 159
0 0 765 1208 13377 519
0 0 764 1128 20389 151
0 0 142 1237 14088 1219
0 0 1103 1274 1380 192
0 0 1000 1214 24975 342
0 0 202 737 4471 1103
0 0 176 207 23979 869
0 0 1037 1134 1738 32
0 0 281 1253 17210 490
0 0 855 1010 13689 559
0 0 270 912 22967 659
0 0 242 1144 10525 125
0 0 1295 1306 9146 68
0 0 1153 1343 10515 140
0 0 707 1072 18309 140
0 0 1096 1172 24277 132
0 0 1418 1437 25271 3
0 0 276 764 1255 48
0 0 653 1202 3786 749
0 0 1116 1146 774 227
0 0 166 372 12098 412
0 0 441 1282 6100 602
0 0 723 1432 10545 462
0 0 267 837 21511 207
0 0 991 1158 9149 126
0 0 613 833 2634 423
0 0 1006 1355 24929 376
0 0 781 1422 9843 313
0 0 112 1124 17655 581
0 0 45 1412 815 106
0 0 999 1393 10881 30
400 0 1376 1399 3173 26
400 0 1325 1357 6894 37
400 0 509 812 24826 485
400 0 239 777 23570 84
400 0 346 1178 18591 298
400 0 799 1244 3332 597
400 0 800 1115 15253 457
400 0 130 214 19857 585
400 0 1334 1399 11084 105
400 0 525 1103 16193 424
400 0 1411 1428 22299 25
400 0 502 1096 15363 189
400 0 373 1198 1796 154
400 0 937 1214 16978 259
400 0 357 734 11030 365
400 0 435 1028 13444 860
400 0 517 1369 3925 849
400 0 1178 1311 27015 212
400 0 233 802 18570 1026
400 0 438 1162 10001 277
400 0 122 928 2088 1181
400 0 1099 1337 3063 249
400 0 631 702 4880 426
400 0 386 666 1540 548
400 0 202 1105 8136 196
400 0 187 947 8231 248
400 0 223 1314 16687 822
400 0 1249 1421 20940 61
400 0 1292 1394 16733 65
400 0 544 1050 3576 102
400 0 1061 1081 13183 258
400 0 1135 1222 25839 47
400 0 265 1285 18950 440
400 0 66 970 10017 940
400 0 1370 1373 3919 34
400 0 1254 1302 193 18
400 0 238 319 7231 581
400 0 356 806 10956 497
400 0 626 1359 20689 454
400 0 549 797 25506 124
400 0 1200 1388 1873 14
400 0 244 1034 21713 1011
400 0 916 1030 3274 18
400 0 769 1125 22619 63
400 0 1068 1402 23352 245
400 0 1203 1218 16716 22
400 0 704 1135 14083 647
400 0 648 821 20938 69
400 0 978 981 11621 384
400 0 811 1035 18876 195
0 400 1301 1424 2326 20
0 400 1028 1150 1389 305
0 400 475 1026 18068 115
0 400 680 940 22592 746
0 400 1215 1365 15167 199
0 400 1098 1260 15982 273
0 400 593 1211 25432 193
0 400 1279 1353 17687 148
0 400 529 568 22493 358
0 400 309 635 21018 30
0 400 305 1421 3909 1099
0 400 982 1019 2330 205
0 400 699 785 24082 331
0 400 1259 1349 12784 69
0 400 684 1366 5567 702
0 400 1063 1286 5862 155
0 400 444 1246 2930 113
0 400 974 1408 15042 439
0 400 452 1171 26677 26
0 400 496 971 1526 350
0 400 186 878 19178 201
0 400 494 1112 16239 586
0 400 857 1077 13027 425
0 400 1117 1425 15124 28
0 400 40 1356 8871 232
0 400 1357 1367 24140 23
0 400 164 1265 10609 1273
0 400 1412 1416 11836 0
0 400 407 1423 8238 383
0 400 446 1096 7289 867
0 400 647 958 2601 62
0 400 381 449 5916 561
0 400 932 1069 10772 496
0 400 255 869 6830 422
0 400 1433 1433 5467 5
0 400 1236 1348 18748 96
0 400 366 533 26046 644
0 400 548 597 9612 455
0 400 2 20 7071 1057
0 400 1400 1406 19839 29
0 400 146 1323 8903 32
0 400 1148 1425 16098 161
0 400 301 1167 13047 437
0 400 122 1276 12703 400
0 400 298 798 8209 432
0 400 1222 1272 4736 3
0 400 1375 1430 18956 65
0 400 1177 1365 12577 60
0 400 710 878 8898 412
0 400 751 1353 18039 232
400 400 882 1067 26123 156
400 400 1155 1338 8893 58
400 400 494 932 4078 631
400 400 952 1051 23962 113
400 400 203 266 956 361
400 400 49 1418 7485 1207
400 400 497 667 2139 771
400 400 83 985 26987 288
400 400 419 551 19498 790
400 400 383 1420 21947 570
400 400 1028 1186 6375 81
400 400 562 1169 17071 723
400 400 1299 1400 6324 78
400 400 989 1420 21277 117
400 400 262 467 11312 241
400 400 543 748 11852 129
400 400 470 1081 23510 5
400 400 1348 1349 8007 58
400 400 891 1161 5280 500
400 400 840 1391 22430 397
400 400 22 270 187 1337
400 400 855 1047 4238 551
400 400 316 370 12108 739
400 400 551 777 1879 372
400 400 1018 1235 23257 301
400 400 1129 1314 27062 19
400 400 1141 1185 5025 269
400 400 166 728 25686 933
400 400 1145 1201 19745 153
400 400 1082 1267 5233 34
400 400 353 409 25339 68
400 400 498 853 10525 37
400 400 1094 1257 1116 194
400 400 1207 1312 21929 90
400 400 129 1296 17907 1301
400 400 1029 1052 4763 325
400 400 348 850 20908 976
400 400 745 1323 3170 480
400 400 260 628 16337 1011
400 400 475 986 16863 241
400 400 108 606 10620 476
400 400 1368 1416 9696 71
400 400 1318 1414 6965 94
400 400 108 322 2838 1273
400 400 659 860 7736 444
400 400 1400 1440 14620 4
400 400 971 1055 20585 49
400 400 637 1211 12107 430
400 400 461 1096 20754 631
400 400 462 812 3047 533