25
135 69 0 1440 100 20
184 64 0 1440 200 10
15 168 0 1440 20 100
154 95 0 1440 15 40
132 31 0 1440 1000 10
44 83 0 1440 10 1000
159 186 0 1440 1000 30
116 117 0 1440 300 30
44 198 0 1440 200 200
10 147 0 1440 100 100
139 11 0 1440 1000 20
92 60 0 1440 1500 50
162 28 0 1440 200 50
98 11 0 1440 500 10
78 110 0 1440 250 40
25 109 0 1440 50 10
159 71 0 1440 1000 50
136 39 0 1440 200 100
95 176 0 1440 300 150
136 105 0 1440 250 100
94 42 0 1440 1000 200
160 196 0 1440 1000 10
47 48 0 1440 2000 100
123 77 0 1400 1500 50
400 400 290 290 27000 860
