45
361 383 687 922 840 697
254 258 152 680 245 1020
189 88 830 908 190 35
189 88 830 908 190 35
327 117 859 1401 522 0
73 218 1133 1293 879 106
380 23 691 1165 582 729
51 153 199 985 856 585
187 100 996 1258 99 159
271 169 1250 1324 321 19
245 35 1365 1369 487 60
166 314 1298 1324 996 88
170 174 851 1301 114 273
118 286 672 1160 594 399
285 304 946 1390 838 79
181 160 881 1043 450 196
181 160 881 1043 450 196
358 29 461 881 544 742
313 56 484 1209 971 229
66 261 360 586 760 115
255 346 43 145 370 959
384 384 910 1319 665 333
259 260 912 933 837 204
77 26 313 591 731 223
286 125 963 1062 534 280
377 350 1059 1393 651 70
377 350 1059 1393 651 70
183 150 410 1409 748 959
40 27 707 1258 992 621
331 225 34 752 250 228
14 388 1213 1246 901 26
112 370 1320 1341 892 30
154 137 992 1353 215 184
255 232 1250 1251 345 39
44 36 565 926 933 136
310 166 1234 1295 900 66
240 140 1131 1265 299 296
240 140 1131 1265 299 296
31 201 727 903 720 713
89 228 503 659 134 88
241 76 63 1283 412 475
277 266 826 1118 814 139
145 256 120 672 915 188
194 306 128 1285 223 459
200 200 300 1000 800 200