20
208 200 1032 1299 49 258
219 200 1422 1439 269 8
223 200 274 591 527 167
232 200 240 798 785 989
243 200 471 514 1033 85
255 200 1279 1405 1262 87
269 200 1043 1317 1515 137
270 200 1335 1415 1799 14
288 200 453 645 2000 940
298 200 908 1427 2272 74
305 200 1358 1380 2543 21
312 200 1060 1330 2790 316
328 200 745 965 3011 508
334 200 1194 1237 3254 35
343 200 390 1150 3545 388
359 200 407 1312 3798 88
368 200 845 1086 4042 379
375 200 806 1309 4267 584
381 200 318 447 4523 155
396 200 1151 1239 4799 169
