200
199 136 492 1140 19379 369
155 266 1179 1353 7441 170
286 179 539 864 26472 274
172 370 1031 1385 17847 351
373 288 641 822 124 438
253 269 932 1227 6997 170
381 252 1064 1249 8419 49
175 153 43 1155 4835 377
221 272 966 1026 20089 455
163 93 703 874 11226 390
245 258 607 948 18678 88
0 319 297 990 13917 197
93 2 204 1287 19468 1008
314 150 80 1366 18874 1077
56 379 227 1099 7503 237
224 9 82 292 12745 110
383 231 942 1257 3733 126
303 105 740 1069 18475 552
194 293 1017 1276 23875 347
54 71 1225 1261 22473 132
376 337 539 1292 23953 202
75 102 859 1220 7893 494
77 142 918 1255 3213 385
138 279 1084 1393 26699 21
164 126 279 766 10380 77
255 325 857 935 22074 25
264 120 122 789 24958 853
248 195 234 304 11662 53
391 183 458 1082 8847 695
271 110 622 654 23242 117
118 166 834 914 25096 312
167 33 1298 1365 7927 140
310 68 789 1374 2154 550
209 110 1343 1345 9129 24
285 392 111 1395 10482 523
32 187 783 869 20595 62
105 5 1252 1421 15157 63
360 397 378 1190 17083 572
292 298 1101 1403 2337 128
339 105 1184 1240 13957 9
317 337 281 656 13864 1115
30 30 929 995 13624 295
380 350 1188 1369 15560 250
250 190 820 881 11345 477
74 182 394 406 15244 567
364 361 644 1080 25489 592
69 0 189 1069 22749 522
154 229 76 1224 10404 995
373 332 1096 1267 9962 285
96 399 1054 1417 22189 301
19 309 1227 1330 26666 68
98 15 1186 1275 23880 207
346 321 109 490 8439 436
50 216 284 1153 3020 434
360 387 879 1020 9484 557
230 385 635 1324 26697 451
51 202 1096 1383 14175 254
361 147 164 351 9270 539
56 110 1405 1434 17270 20
98 373 99 1362 7359 719
370 325 1255 1311 3409 34
391 71 636 803 4954 50
158 130 1381 1429 10682 42
262 19 1259 1324 1373 133
327 329 633 998 20857 11
301 323 608 1061 4676 554
364 172 392 1099 316 196
272 68 1277 1325 6391 23
99 231 1059 1435 2189 206
239 373 1338 1362 8862 86
79 177 916 1113 19710 87
216 44 838 1041 24053 109
119 129 1334 1350 14152 37
235 389 964 1078 17038 359
246 179 53 600 26915 1242
260 141 849 881 25253 226
152 234 978 1246 26861 135
282 388 170 901 16783 1074
156 172 1233 1298 9004 66
306 215 194 1230 2857 121
385 32 462 1225 18163 183
88 270 318 487 26668 351
4 189 368 764 10915 651
143 272 755 1290 9551 155
28 314 1186 1205 25313 108
133 150 1164 1264 13828 61
41 281 1039 1384 19434 202
78 298 1157 1168 7707 199
108 171 1035 1428 699 161
283 91 225 1001 19705 220
304 396 450 616 23741 815
182 162 1099 1133 9035 107
265 372 501 775 17958 925
351 93 1018 1188 2386 13
331 320 366 1250 23623 312
322 203 85 534 19194 770
103 172 448 1162 11271 647
340 57 1075 1287 22554 287
72 12 26 310 24698 629
12 163 1301 1389 3174 17
323 316 1423 1434 10904 2
330 357 592 931 14730 451
156 326 947 1396 18151 408
80 191 194 1078 312 724
312 91 1373 1401 26731 10
38 35 597 1156 7495 259
70 296 240 1036 21946 205
202 27 321 854 26637 94
308 17 1209 1251 24649 111
212 365 788 1273 18078 219
224 158 595 987 12691 698
276 27 550 1267 10382 142
160 310 1194 1205 9338 19
283 40 1364 1366 2877 21
266 183 743 1242 25312 11
260 244 168 1257 23031 862
315 43 1349 1371 14298 56
197 109 492 1264 5710 522
153 338 219 1261 6504 204
35 368 1224 1251 27105 156
280 302 572 957 4245 762
112 134 1147 1376 22534 156
74 333 762 1188 7876 360
390 144 331 489 22875 335
260 359 565 740 17662 547
171 48 61 284 22085 1372
181 294 680 802 18032 432
134 296 246 960 7113 627
256 154 1118 1413 4695 194
185 239 619 698 6530 81
379 180 543 1074 5035 553
33 375 662 922 17284 24
153 317 1244 1363 6513 54
249 211 129 931 14997 395
184 107 148 896 18344 402
137 57 676 918 2888 282
102 271 607 823 2796 701
78 328 1204 1208 2417 13
39 296 461 1387 11417 782
94 157 658 1380 13520 53
388 296 659 769 5206 442
117 329 97 138 5588 550
373 272 271 944 15221 531
186 348 594 637 290 120
340 79 683 756 24987 611
165 117 442 1215 25334 23
137 171 1017 1168 13005 158
348 219 374 638 8635 794
273 84 901 1173 1860 213
24 102 392 1213 24780 395
142 258 391 1256 18597 527
167 91 1440 1440 15774 0
126 340 836 1074 16978 495
362 348 127 480 3143 243
342 74 516 1301 3648 385
316 25 1117 1402 25890 109
52 218 1242 1385 487 65
114 387 234 908 26646 410
89 363 149 728 9344 154
119 21 738 1257 15959 84
175 318 696 851 10057 475
262 210 721 897 16807 310
204 29 1059 1296 283 326
237 323 1150 1270 22523 116
266 7 229 1275 25412 224
146 290 1172 1387 26513 89
368 358 843 1247 14944 177
158 99 572 1144 9883 419
330 373 662 1290 2773 503
127 388 252 867 24050 466
325 80 680 918 25568 477
151 284 625 1318 11935 647
311 240 423 638 13405 947
207 68 1116 1143 16467 123
360 84 1242 1303 11458 168
190 33 1126 1208 10934 99
93 313 1061 1203 6157 370
227 58 932 1114 15004 98
130 389 259 1432 13915 585
383 128 545 1234 2761 848
285 289 49 1415 2252 279
351 400 1350 1436 7867 1
113 319 165 284 13033 822
143 88 305 720 13879 1099
210 75 1344 1349 17161 83
307 93 686 1309 18820 497
388 55 992 1404 18711 232
160 46 246 538 26770 713
189 237 371 969 5259 637
282 7 1347 1418 15515 27
239 3 558 804 23121 460
71 221 330 406 12710 247
183 294 253 398 20661 1150
86 396 946 1437 634 414
339 305 1157 1327 26360 202
188 323 1011 1058 4513 222
299 251 209 1204 1384 672
131 152 212 1365 23877 173
176 120 1221 1252 10270 7
199 373 497 1218 13665 873
