60
31 172 929 1298 863 1158
314 260 138 482 227 1303
178 0 846 1412 392 914
67 261 545 1242 372 926
140 345 947 1137 584 1142
336 236 356 385 768 1342
96 397 808 1270 144 1326
229 124 918 1236 144 758
383 375 1436 1438 809 907
379 314 1125 1440 206 865
399 167 1364 1399 175 96
6 382 410 961 858 1211
281 250 1096 1181 392 367
99 211 1384 1390 914 951
287 2 461 1224 336 1381
296 381 744 1051 663 1422
90 133 1225 1398 421 527
130 89 433 516 659 1384
71 83 1388 1415 730 83
348 24 1295 1307 578 155
367 71 21 743 957 1437
262 27 62 484 746 1393
112 245 936 1301 985 1189
332 129 1350 1415 708 845
274 206 615 697 145 1274
60 190 370 1179 430 1082
294 282 725 1048 160 1198
62 287 390 912 514 1276
101 358 952 957 447 701
335 150 1011 1415 162 1338
146 163 1121 1356 183 1385
210 169 1257 1270 90 979
372 12 260 495 201 1298
195 285 510 636 129 1078
397 18 664 1344 82 1179
67 292 70 1311 690 1438
163 172 424 1388 875 1264
165 181 1385 1438 576 1351
14 228 226 563 627 1358
105 298 331 1315 872 1312
276 295 899 1181 98 652
261 195 132 527 389 1415
271 283 236 512 770 1387
31 185 127 946 902 1332
330 205 262 445 286 1297
126 212 938 1189 99 919
136 220 1205 1292 770 729
222 276 579 823 965 1154
309 240 624 1314 67 1118
173 98 975 1345 488 1008
72 45 1047 1280 657 591
270 291 1420 1439 523 338
227 96 309 329 969 1162
29 239 745 1337 550 1029
214 118 936 1081 254 653
110 291 92 259 977 1400
296 138 1342 1429 115 370
353 44 260 1287 169 1412
211 399 678 715 523 921
400 400 290 290 1 860