43
182 309 1016 1327 11792 1153
213 32 657 694 25377 1364
134 124 1106 1174 4855 272
139 251 1388 1399 26006 800
361 328 231 1015 3376 9
158 310 815 935 22880 1316
95 179 919 1390 3444 798
388 244 1033 1349 13794 418
236 211 494 1302 9874 697
305 326 1283 1385 6869 1221
364 286 1105 1277 13423 840
59 271 1241 1273 20506 1017
48 20 857 984 8429 895
260 300 818 1025 341 165
77 210 1037 1121 10604 1349
160 285 891 1253 12967 785
281 64 1151 1404 1282 286
99 37 201 996 3346 97
379 161 778 1092 9348 655
77 232 362 518 5677 595
373 239 1413 1424 7085 1024
76 400 562 800 7379 439
375 397 804 951 265 116
119 257 902 1361 22333 508
270 178 1049 1121 26562 33
247 141 1153 1194 24233 5
294 282 731 854 10395 644
85 64 1213 1338 7366 901
253 54 842 1192 3021 434
346 232 321 761 12469 1020
345 35 67 673 544 223
42 35 901 952 15414 1392
56 304 841 943 25836 1061
152 356 150 1226 22915 168
367 314 1317 1351 20085 1123
139 14 20 739 14906 181
253 20 688 1072 5537 69
362 341 847 864 14290 1387
307 276 57 857 6329 1421
4 89 1268 1288 8162 442
353 279 1345 1363 2401 495
307 248 1347 1414 2228 454
81 107 960 1173 20579 23
