157
182 309 1016 1327 11792 1153
213 32 657 694 25377 1364
134 124 1106 1174 4855 272
139 251 1388 1399 26006 800
361 328 231 1015 3376 9
158 310 815 935 22880 1316
95 179 919 1390 3444 798
388 244 1033 1349 13794 418
236 211 494 1302 9874 697
305 326 1283 1385 6869 1221
364 286 1105 1277 13423 840
59 271 1241 1273 20506 1017
48 20 857 984 8429 895
260 300 818 1025 341 165
77 210 1037 1121 10604 1349
160 285 891 1253 12967 785
281 64 1151 1404 1282 286
99 37 201 996 3346 97
379 161 778 1092 9348 655
77 232 362 518 5677 595
373 239 1413 1424 7085 1024
76 400 562 800 7379 439
375 397 804 951 265 116
119 257 902 1361 22333 508
270 178 1049 1121 26562 33
247 141 1153 1194 24233 5
294 282 731 854 10395 644
85 64 1213 1338 7366 901
253 54 842 1192 3021 434
346 232 321 761 12469 1020
345 35 67 673 544 223
42 35 901 952 15414 1392
56 304 841 943 25836 1061
152 356 150 1226 22915 168
367 314 1317 1351 20085 1123
139 14 20 739 14906 181
253 20 688 1072 5537 69
362 341 847 864 14290 1387
307 276 57 857 6329 1421
4 89 1268 1288 8162 442
353 279 1345 1363 2401 495
307 248 1347 1414 2228 454
81 107 960 1173 20579 23
364 65 1070 1383 1148 782
390 2 716 1024 10378 280
72 106 313 644 24530 1367
104 11 383 1289 4789 954
37 141 244 981 10072 1115
207 161 30 1213 1063 719
396 317 512 1375 7024 838
230 289 415 823 8828 1323
295 136 1115 1316 6716 719
39 84 110 217 16742 1196
334 87 1365 1390 18805 858
190 276 1283 1392 13849 1241
299 150 1410 1422 1077 1388
378 214 1081 1331 2683 1146
251 387 690 898 20936 797
349 17 986 1399 4961 131
196 262 909 1190 9217 1024
396 203 569 1413 4828 811
336 316 1077 1325 12237 1391
0 169 649 1217 7819 285
179 255 761 1355 12860 296
257 156 36 599 3013 921
362 293 1379 1387 22726 1100
96 189 249 617 14265 560
156 285 975 1029 15522 1120
12 299 29 633 10395 30
29 268 384 932 4428 887
374 301 528 1402 9526 401
169 394 557 814 14769 917
304 284 969 1163 11921 1414
198 305 517 527 10649 752
159 84 232 292 19208 760
327 346 1084 1367 24560 1317
328 359 501 1437 24291 1171
340 299 827 1145 25328 414
258 374 382 548 8448 637
203 93 348 508 12806 204
141 69 912 1240 6249 1439
114 363 431 998 16051 833
135 317 897 1201 13110 408
163 294 1022 1438 19799 1429
131 110 1436 1438 15776 1252
50 47 672 826 1678 1026
220 182 920 1079 10771 483
258 183 833 1166 15464 66
312 364 100 1095 15533 1067
6 14 785 1148 2861 1118
39 357 1147 1359 23288 421
245 8 1081 1146 1365 1096
24 257 1382 1413 14906 1096
298 200 74 1419 19809 689
267 100 335 378 10798 815
40 74 560 560 22022 233
363 228 447 518 17135 85
133 400 1194 1369 15886 891
298 351 141 1305 26550 840
132 20 495 528 18430 857
293 348 454 1194 20112 805
25 346 793 1094 23188 168
13 266 1031 1248 15185 1112
330 259 1056 1251 4497 1152
19 67 822 1049 24169 433
197 75 1214 1295 19501 1060
180 46 1390 1391 22464 228
172 178 612 1100 18394 977
26 148 273 1403 14698 1426
84 274 750 977 5187 871
356 197 745 1402 7049 508
353 32 53 973 13102 1306
228 111 954 1170 17083 284
25 364 1214 1248 2903 1193
284 179 1222 1400 22401 1317
324 0 922 970 24332 1186
243 175 990 1123 18743 1386
15 156 1161 1211 9562 1177
229 105 577 891 13856 1430
99 129 1283 1360 17574 1250
40 71 204 422 1705 341
367 360 988 1221 20295 1377
113 292 183 662 14309 904
83 164 240 674 21868 346
132 241 273 1302 8829 434
128 182 647 968 11286 280
26 346 1203 1380 13203 1388
52 20 1336 1393 14723 744
287 265 1068 1259 21435 956
333 310 184 742 18270 1030
177 237 1275 1311 7302 438
59 240 842 1432 14405 342
41 239 205 369 12643 1169
117 108 73 1392 21770 759
30 380 871 1274 18136 802
164 306 128 486 15295 661
201 226 156 374 124 959
257 7 278 658 21601 1073
73 183 837 1315 5042 297
308 278 438 684 12151 51
250 315 307 1306 23019 79
304 312 857 989 13053 1370
242 385 1177 1335 22316 679
56 220 287 641 2355 756
309 400 1091 1341 20734 335
246 365 949 1139 19862 1270
169 90 501 1185 5562 305
385 17 147 1188 17978 1268
372 72 1059 1161 18285 77
307 82 940 1169 17948 584
9 121 368 1439 1232 1110
53 132 1021 1256 874 409
119 258 738 1058 369 634
185 57 812 902 10407 184
143 35 815 1189 25609 444
46 162 1061 1151 25973 370
257 43 833 1300 13655 408
