157
182 309 0 1440 1000 100
282 293 0 1440 1000 100
173 320 0 1440 1000 100
213 32 0 1440 1000 100
182 19 0 1440 1000 100
374 379 0 1440 1000 100
134 124 0 1440 1000 100
307 81 0 1440 1000 100
71 75 0 1440 1000 100
139 251 0 1440 1000 100
386 84 0 1440 1000 100
383 222 0 1440 1000 100
361 328 0 1440 1000 100
64 260 0 1440 1000 100
49 2 0 1440 1000 100
158 310 0 1440 1000 100
227 77 0 1440 1000 100
337 366 0 1440 1000 100
95 179 0 1440 1000 100
255 361 0 1440 1000 100
50 222 0 1440 1000 100
388 244 0 1440 1000 100
287 310 0 1440 1000 100
203 116 0 1440 1000 100
236 211 0 1440 1000 100
137 342 0 1440 1000 100
145 193 0 1440 1000 100
305 326 0 1440 1000 100
357 261 0 1440 1000 100
101 339 0 1440 1000 100
364 286 0 1440 1000 100
307 205 0 1440 1000 100
197 233 0 1440 1000 100
59 271 0 1440 1000 100
345 66 0 1440 1000 100
302 283 0 1440 1000 100
48 20 0 1440 1000 100
238 87 0 1440 1000 100
124 249 0 1440 1000 100
260 300 0 1440 1000 100
227 133 0 1440 1000 100
5 45 0 1440 1000 100
77 210 0 1440 1000 100
288 83 0 1440 1000 100
156 375 0 1440 1000 100
160 285 0 1440 1000 100
248 264 0 1440 1000 100
191 218 0 1440 1000 100
281 64 0 1440 1000 100
320 350 0 1440 1000 100
18 79 0 1440 1000 100
99 37 0 1440 1000 100
56 257 0 1440 1000 100
49 26 0 1440 1000 100
379 161 0 1440 1000 100
216 190 0 1440 1000 100
137 182 0 1440 1000 100
77 232 0 1440 1000 100
100 58 0 1440 1000 100
83 165 0 1440 1000 100
373 239 0 1440 1000 100
393 160 0 1440 1000 100
104 284 0 1440 1000 100
76 400 0 1440 1000 100
156 108 0 1440 1000 100
108 122 0 1440 1000 100
375 397 0 1440 1000 100
223 93 0 1440 1000 100
3 32 0 1440 1000 100
119 257 0 1440 1000 100
251 342 0 1440 1000 100
329 141 0 1440 1000 100
270 178 0 1440 1000 100
292 73 0 1440 1000 100
391 9 0 1440 1000 100
247 141 0 1440 1000 100
321 57 0 1440 1000 100
357 1 0 1440 1000 100
294 282 0 1440 1000 100
203 69 0 1440 1000 100
153 179 0 1440 1000 100
85 64 0 1440 1000 100
337 220 0 1440 1000 100
108 250 0 1440 1000 100
253 54 0 1440 1000 100
234 234 0 1440 1000 100
44 120 0 1440 1000 100
346 232 0 1440 1000 100
89 157 0 1440 1000 100
183 284 0 1440 1000 100
345 35 0 1440 1000 100
18 177 0 1440 1000 100
8 61 0 1440 1000 100
42 35 0 1440 1000 100
250 38 0 1440 1000 100
227 387 0 1440 1000 100
56 304 0 1440 1000 100
234 68 0 1440 1000 100
380 295 0 1440 1000 100
152 356 0 1440 1000 100
41 334 0 1440 1000 100
337 46 0 1440 1000 100
367 314 0 1440 1000 100
366 112 0 1440 1000 100
296 312 0 1440 1000 100
139 14 0 1440 1000 100
5 203 0 1440 1000 100
219 50 0 1440 1000 100
253 20 0 1440 1000 100
191 204 0 1440 1000 100
81 19 0 1440 1000 100
362 341 0 1440 1000 100
235 11 0 1440 1000 100
210 386 0 1440 1000 100
307 276 0 1440 1000 100
15 231 0 1440 1000 100
93 395 0 1440 1000 100
4 89 0 1440 1000 100
352 48 0 1440 1000 100
120 122 0 1440 1000 100
353 279 0 1440 1000 100
374 76 0 1440 1000 100
35 137 0 1440 1000 100
307 248 0 1440 1000 100
374 285 0 1440 1000 100
32 126 0 1440 1000 100
81 107 0 1440 1000 100
267 177 0 1440 1000 100
303 6 0 1440 1000 100
364 65 0 1440 1000 100
297 338 0 1440 1000 100
16 217 0 1440 1000 100
390 2 0 1440 1000 100
199 170 0 1440 1000 100
152 77 0 1440 1000 100
72 106 0 1440 1000 100
87 117 0 1440 1000 100
361 380 0 1440 1000 100
104 11 0 1440 1000 100
106 343 0 1440 1000 100
70 265 0 1440 1000 100
37 141 0 1440 1000 100
67 247 0 1440 1000 100
148 310 0 1440 1000 100
207 161 0 1440 1000 100
8 336 0 1440 1000 100
15 200 0 1440 1000 100
396 317 0 1440 1000 100
142 372 0 1440 1000 100
103 233 0 1440 1000 100
230 289 0 1440 1000 100
115 159 0 1440 1000 100
130 368 0 1440 1000 100
295 136 0 1440 1000 100
310 247 0 1440 1000 100
99 200 0 1440 1000 100
39 84 0 1440 1000 100
