157
182 309 1016 1327 1000 100
173 320 767 821 1000 100
182 19 1344 1435 1000 100
134 124 1106 1174 1000 100
71 75 500 1089 1000 100
386 84 1377 1412 1000 100
361 328 231 1015 1000 100
49 2 569 1243 1000 100
227 77 1212 1421 1000 100
95 179 919 1390 1000 100
50 222 1395 1423 1000 100
287 310 730 936 1000 100
236 211 494 1302 1000 100
145 193 1097 1376 1000 100
357 261 363 1276 1000 100
364 286 1105 1277 1000 100
197 233 212 1042 1000 100
345 66 1086 1336 1000 100
48 20 857 984 1000 100
124 249 937 1314 1000 100
227 133 18 180 1000 100
77 210 1037 1121 1000 100
156 375 577 1193 1000 100
248 264 686 1097 1000 100
281 64 1151 1404 1000 100
18 79 358 460 1000 100
56 257 177 261 1000 100
379 161 778 1092 1000 100
137 182 279 952 1000 100
100 58 300 770 1000 100
373 239 1413 1424 1000 100
104 284 274 1438 1000 100
156 108 390 709 1000 100
375 397 804 951 1000 100
3 32 429 1079 1000 100
251 342 1183 1273 1000 100
270 178 1049 1121 1000 100
391 9 890 1084 1000 100
321 57 1283 1283 1000 100
294 282 731 854 1000 100
153 179 306 488 1000 100
337 220 390 1047 1000 100
253 54 842 1192 1000 100
44 120 1243 1357 1000 100
89 157 660 1213 1000 100
345 35 67 673 1000 100
8 61 153 267 1000 100
250 38 816 1419 1000 100
56 304 841 943 1000 100
380 295 546 1341 1000 100
41 334 1213 1239 1000 100
367 314 1317 1351 1000 100
296 312 501 533 1000 100
5 203 789 870 1000 100
253 20 688 1072 1000 100
81 19 1301 1420 1000 100
235 11 757 1415 1000 100
307 276 57 857 1000 100
93 395 15 332 1000 100
352 48 432 741 1000 100
353 279 1345 1363 1000 100
35 137 1103 1312 1000 100
374 285 118 534 1000 100
81 107 960 1173 1000 100
303 6 1309 1330 1000 100
297 338 60 809 1000 100
390 2 716 1024 1000 100
152 77 259 573 1000 100
87 117 1299 1433 1000 100
104 11 383 1289 1000 100
70 265 133 593 1000 100
67 247 533 1235 1000 100
207 161 30 1213 1000 100
15 200 1423 1437 1000 100
142 372 372 993 1000 100
230 289 415 823 1000 100
130 368 1063 1191 1000 100
310 247 355 897 1000 100
39 84 110 217 1000 100
246 332 1202 1254 1000 100
380 134 996 1261 1000 100
190 276 1283 1392 1000 100
204 345 1075 1212 1000 100
392 161 57 1390 1000 100
378 214 1081 1331 1000 100
39 319 904 1422 1000 100
192 111 1109 1292 1000 100
349 17 986 1399 1000 100
73 36 706 1186 1000 100
253 212 488 1165 1000 100
396 203 569 1413 1000 100
71 225 1209 1392 1000 100
299 273 648 1413 1000 100
0 169 649 1217 1000 100
115 79 645 1151 1000 100
211 350 681 836 1000 100
257 156 36 599 1000 100
44 256 1301 1403 1000 100
383 57 1203 1384 1000 100
96 189 249 617 1000 100
210 155 560 1186 1000 100
271 46 822 1303 1000 100
12 299 29 633 1000 100
153 8 107 1000 1000 100
107 208 234 977 1000 100
374 301 528 1402 1000 100
140 111 608 1428 1000 100
155 116 782 1201 1000 100
304 284 969 1163 1000 100
175 393 712 1266 1000 100
144 4 564 1021 1000 100
159 84 232 292 1000 100
283 211 1175 1404 1000 100
301 318 1301 1428 1000 100
328 359 501 1437 1000 100
358 325 1223 1385 1000 100
230 207 1341 1369 1000 100
258 374 382 548 1000 100
124 177 731 896 1000 100
96 58 678 786 1000 100
141 69 912 1240 1000 100
92 400 409 1344 1000 100
120 225 850 1191 1000 100
135 317 897 1201 1000 100
193 113 587 1214 1000 100
284 398 1048 1437 1000 100
131 110 1436 1438 1000 100
232 348 180 330 1000 100
187 80 88 1051 1000 100
220 182 920 1079 1000 100
158 134 928 1163 1000 100
231 220 819 847 1000 100
312 364 100 1095 1000 100
228 297 23 72 1000 100
218 222 151 1152 1000 100
39 357 1147 1359 1000 100
343 117 881 893 1000 100
301 72 72 1113 1000 100
24 257 1382 1413 1000 100
219 304 1071 1255 1000 100
20 394 1049 1236 1000 100
267 100 335 378 1000 100
159 226 146 385 1000 100
155 0 1166 1210 1000 100
363 228 447 518 1000 100
252 23 480 1438 1000 100
332 284 841 1212 1000 100
298 351 141 1305 1000 100
391 233 477 527 1000 100
137 14 976 1252 1000 100
293 348 454 1194 1000 100
296 223 90 1258 1000 100
220 186 1228 1252 1000 100
13 266 1031 1248 1000 100
223 309 1189 1352 1000 100
293 204 238 1200 1000 100
19 67 822 1049 1000 100
