43
182 309 1016 1327 1000 100
173 320 767 821 1000 100
182 19 1344 1435 1000 100
134 124 1106 1174 1000 100
71 75 500 1089 1000 100
386 84 1377 1412 1000 100
361 328 231 1015 1000 100
49 2 569 1243 1000 100
227 77 1212 1421 1000 100
95 179 919 1390 1000 100
50 222 1395 1423 1000 100
287 310 730 936 1000 100
236 211 494 1302 1000 100
145 193 1097 1376 1000 100
357 261 363 1276 1000 100
364 286 1105 1277 1000 100
197 233 212 1042 1000 100
345 66 1086 1336 1000 100
48 20 857 984 1000 100
124 249 937 1314 1000 100
227 133 18 180 1000 100
77 210 1037 1121 1000 100
156 375 577 1193 1000 100
248 264 686 1097 1000 100
281 64 1151 1404 1000 100
18 79 358 460 1000 100
56 257 177 261 1000 100
379 161 778 1092 1000 100
137 182 279 952 1000 100
100 58 300 770 1000 100
373 239 1413 1424 1000 100
104 284 274 1438 1000 100
156 108 390 709 1000 100
375 397 804 951 1000 100
3 32 429 1079 1000 100
251 342 1183 1273 1000 100
270 178 1049 1121 1000 100
391 9 890 1084 1000 100
321 57 1283 1283 1000 100
294 282 731 854 1000 100
153 179 306 488 1000 100
337 220 390 1047 1000 100
253 54 842 1192 1000 100
