43
182 309 0 1440 1000 100
282 293 0 1440 1000 100
173 320 0 1440 1000 100
213 32 0 1440 1000 100
182 19 0 1440 1000 100
374 379 0 1440 1000 100
134 124 0 1440 1000 100
307 81 0 1440 1000 100
71 75 0 1440 1000 100
139 251 0 1440 1000 100
386 84 0 1440 1000 100
383 222 0 1440 1000 100
361 328 0 1440 1000 100
64 260 0 1440 1000 100
49 2 0 1440 1000 100
158 310 0 1440 1000 100
227 77 0 1440 1000 100
337 366 0 1440 1000 100
95 179 0 1440 1000 100
255 361 0 1440 1000 100
50 222 0 1440 1000 100
388 244 0 1440 1000 100
287 310 0 1440 1000 100
203 116 0 1440 1000 100
236 211 0 1440 1000 100
137 342 0 1440 1000 100
145 193 0 1440 1000 100
305 326 0 1440 1000 100
357 261 0 1440 1000 100
101 339 0 1440 1000 100
364 286 0 1440 1000 100
307 205 0 1440 1000 100
197 233 0 1440 1000 100
59 271 0 1440 1000 100
345 66 0 1440 1000 100
302 283 0 1440 1000 100
48 20 0 1440 1000 100
238 87 0 1440 1000 100
124 249 0 1440 1000 100
260 300 0 1440 1000 100
227 133 0 1440 1000 100
5 45 0 1440 1000 100
77 210 0 1440 1000 100
