25
208 325 830 1279 27027 8
33 358 264 1126 22803 2
68 210 110 508 23339 6
107 252 158 1334 24031 5
168 266 419 1166 213 1
46 346 370 575 23413 6
219 271 34 961 23653 6
153 240 772 1325 21755 0
381 144 918 1269 9257 30
190 296 371 1232 27188 5
42 249 357 1271 22238 0
128 364 219 935 26191 6
199 332 771 1290 26545 3
101 266 194 995 23731 1
183 327 328 1349 26873 7
252 248 1 1440 25048 5
164 316 379 1126 23457 6
208 283 448 1108 25204 2
210 311 585 1296 21054 5
112 260 85 803 22227 5
88 285 51 1087 26825 6
117 268 323 1321 23702 2
248 178 396 1376 6087 38
322 177 1046 1075 12560 11
91 387 553 1325 25878 6
