200
360 245 24 945 6172 23
210 248 336 637 7959 18
330 229 119 317 11057 49
187 190 104 1168 19071 1
188 191 132 811 17910 0
258 276 377 1001 26881 2
270 154 48 160 2408 24
212 229 203 1330 19016 2
234 209 81 1287 19812 2
197 221 77 1335 25393 0
200 235 246 833 21586 0
198 228 86 1279 25200 1
251 291 329 837 18405 2
240 233 606 1182 21981 1
233 308 14 1245 23574 0
368 321 1152 1288 4150 0
262 293 416 1025 19740 0
137 193 1275 1362 2863 43
219 220 193 1009 23864 0
374 329 654 1296 2870 31
187 262 259 325 19205 0
67 110 916 1053 9547 34
138 257 982 1127 11103 10
387 24 1058 1434 3297 46
203 203 77 1242 17847 0
207 248 834 1332 24128 1
252 280 88 1347 25861 2
22 374 853 1277 9314 49
246 158 1178 1219 5681 21
238 262 366 966 23476 0
271 360 227 909 7984 30
234 308 472 596 22063 2
226 205 360 1152 24306 1
312 396 517 766 5219 0
44 219 242 783 4965 39
388 56 456 1230 5218 26
186 262 155 1282 27158 1
306 198 263 1051 4786 10
13 239 1425 1426 10352 8
225 230 1109 1356 21129 2
265 268 1213 1300 21139 2
77 6 512 563 8587 27
192 172 375 867 11332 12
192 192 184 882 25203 1
345 253 506 927 8657 8
234 310 260 883 24714 0
168 184 944 1432 4172 26
272 7 170 1071 11323 23
218 259 452 1231 24234 0
236 259 270 1061 21807 1
231 316 977 1310 5074 36
195 217 15 894 18609 1
52 233 217 1424 1605 24
209 203 760 946 23894 2
374 366 1413 1420 466 49
78 386 1316 1424 8470 37
308 252 666 1019 10070 47
202 247 130 1181 22036 2
197 197 76 1050 27036 1
152 66 497 637 5187 27
207 232 231 1208 19224 2
321 317 230 949 12568 43
210 194 5 1174 20339 2
210 207 35 1142 23656 1
328 349 409 623 11894 16
242 277 1205 1348 25607 0
44 316 250 1171 12535 23
152 296 290 1323 9713 35
222 280 310 703 23585 0
61 245 125 1170 8171 24
16 152 1073 1180 10204 44
315 165 403 1419 12257 41
66 283 1046 1286 2738 22
205 206 47 1379 21994 1
197 201 25 1320 19892 0
244 179 472 1440 24850 2
80 92 369 1036 678 23
224 282 290 966 25919 1
263 228 1001 1086 2318 24
350 93 867 1360 8918 8
395 9 625 902 5105 11
304 298 323 1245 1733 33
244 185 309 1377 20625 2
262 306 399 823 22162 1
223 229 30 1221 21279 2
224 195 165 1304 17991 1
85 163 932 968 11774 25
201 193 579 1215 9710 9
229 330 997 1235 6100 48
235 268 182 814 26699 1
239 273 876 1388 26031 2
246 283 185 1261 25289 0
185 277 310 1076 24164 1
262 271 946 1438 18278 0
32 233 817 1423 10507 11
346 179 1045 1266 1717 27
223 291 128 444 26511 0
227 231 870 1377 23297 1
220 290 308 926 19085 2
298 20 586 1190 2043 33
285 351 1117 1339 7102 40
217 230 433 1150 26631 0
225 197 113 1337 22167 1
225 224 1081 1440 26998 2
76 237 192 1186 9602 28
178 75 979 1437 10650 30
234 286 126 635 24819 0
225 226 960 1327 23498 0
278 155 1163 1286 7390 44
127 42 188 494 3807 33
216 213 405 1126 26592 1
196 206 22 1393 22675 2
241 215 1248 1361 4055 12
224 194 159 1301 26896 1
228 286 632 678 10269 10
11 17 1130 1325 4759 29
365 193 1251 1349 10093 46
230 236 551 1370 26098 2
235 271 121 691 19722 0
370 355 1235 1335 6074 31
197 228 89 625 21555 1
219 202 291 1144 22484 0
200 201 0 740 20797 1
378 236 359 1035 8601 22
76 378 49 784 6878 0
132 89 847 977 5590 3
246 183 216 1251 24109 2
399 317 508 1056 716 12
34 75 315 1377 12113 38
81 167 759 975 3784 4
206 220 17 1402 18103 0
376 61 82 1245 7466 38
15 360 196 312 7344 24
266 277 1060 1401 26372 2
246 182 28 837 21461 2
225 228 91 1094 19192 1
223 229 255 1276 24564 0
200 200 2 1153 25708 2
216 230 43 1163 23729 1
194 197 687 852 10937 32
203 245 149 1012 8582 14
211 205 643 982 20061 0
241 275 865 1421 23119 1
16 276 852 1324 1427 23
75 109 10 904 277 49
225 229 1056 1153 20021 2
218 219 284 1270 21347 2
207 248 313 1153 18551 2
60 373 886 1136 6887 44
265 299 403 959 25392 1
197 274 13 550 17967 2
233 259 235 1200 26065 0
210 222 38 1076 25607 0
349 248 1075 1232 4660 39
342 347 723 1435 11121 42
249 289 6 1351 23761 0
156 164 641 1277 8388 9
234 334 1358 1381 4040 0
150 329 896 1282 6894 7
102 397 34 808 2470 49
189 183 21 745 18152 0
341 101 274 547 859 13
39 4 915 1270 10491 24
235 240 159 1283 26020 2
214 237 89 1118 25884 0
199 216 2 354 22660 0
219 205 451 1226 19165 2
40 154 791 1172 2402 16
205 222 2 1111 25417 1
252 258 107 1121 18455 0
213 198 14 924 23007 2
217 199 6 450 26178 1
279 352 1315 1334 9766 20
238 307 176 1056 24222 2
270 265 914 1358 20506 2
321 262 918 1113 8061 45
228 199 101 1380 25758 0
236 310 11 1401 23982 2
249 189 713 1171 19542 1
305 170 347 1261 9980 1
249 292 362 610 23566 2
229 285 202 742 18048 1
242 256 548 1393 20199 2
250 274 479 955 22109 0
252 272 578 720 21071 1
169 17 932 1416 6214 49
381 316 572 789 5236 16
236 233 532 1229 18062 1
197 260 258 1375 20287 1
222 254 255 1290 25229 2
39 99 982 1360 8438 37
207 262 1191 1266 5693 36
135 198 1026 1261 7845 1
224 298 775 1323 8564 28
231 198 415 1360 25230 0
235 236 317 1353 20010 1
191 192 67 1149 19540 0
345 396 503 828 8622 47
238 252 243 1357 27110 2
252 261 216 959 19132 0
