25
220 171 20 1233 23982 10
7 368 127 994 2133 4
396 27 54 968 20048 17
288 66 1239 1256 24068 22
311 104 32 305 20995 12
356 60 254 1306 17556 15
279 151 63 524 24948 26
387 74 1054 1367 24018 1
372 5 850 1303 22816 6
347 240 268 982 6063 0
306 121 230 1218 23671 23
379 16 808 844 17330 7
273 88 1237 1416 5496 9
340 63 1116 1387 27057 5
342 50 648 867 19673 45
340 30 351 779 26807 8
341 34 286 619 26538 25
218 104 1342 1347 22963 2
288 140 198 1240 26017 18
179 371 870 1287 5390 0
326 65 765 1062 24513 18
309 123 338 1413 21248 30
366 5 533 1148 18454 43
286 157 64 237 26118 34
323 47 243 1327 21037 46
