150
303 198 1123 1238 10146 37
157 28 428 1364 4095 41
117 252 108 782 21435 2
330 235 2 1252 25707 2
350 234 95 1381 27057 0
296 371 96 349 602 26
259 297 338 947 19093 1
335 241 92 1250 21509 0
367 234 688 1288 22855 2
91 298 125 407 26123 0
333 83 1355 1420 2722 23
252 299 614 828 20860 0
327 158 335 1395 2818 47
209 197 59 215 23213 1
52 61 554 1059 5351 16
373 233 959 1023 23279 1
206 218 3 1265 23329 2
122 258 341 1398 17904 2
242 354 300 1205 7388 32
391 315 445 1293 22710 2
203 197 90 1269 24645 2
370 79 1116 1252 2341 46
114 285 414 1427 24144 1
387 190 1000 1408 3426 44
212 221 11 370 24372 0
377 369 1080 1311 5819 25
237 295 162 1107 24584 1
386 321 468 1259 21996 2
100 277 115 958 1898 35
202 289 476 1300 6647 40
115 27 600 1089 8444 38
90 288 328 1263 19538 1
176 345 382 901 6780 17
52 207 1171 1247 6575 13
206 223 18 859 22804 2
396 48 1077 1352 3358 9
276 321 531 963 20671 0
217 240 102 1290 6855 23
212 210 17 1416 25391 0
65 42 987 1218 9041 47
224 309 310 958 21827 1
280 311 705 1400 26658 1
137 235 148 777 23496 0
257 154 1346 1431 11155 7
197 300 931 1392 1360 13
348 235 498 1080 19873 2
48 170 956 987 11322 36
217 208 18 947 20712 2
3 194 279 292 6745 31
228 294 222 876 21779 1
237 299 563 841 20261 1
99 286 276 1201 20253 2
205 203 51 1065 22001 2
97 265 237 979 23942 1
209 198 29 510 21482 2
281 310 648 1314 23321 1
374 234 618 1254 25176 2
93 272 230 911 23384 1
97 296 190 1440 24761 2
365 229 848 1078 26811 1
352 232 896 1343 26786 0
360 230 528 1085 8093 31
209 253 1199 1268 449 44
109 359 475 887 3540 24
364 229 2 1242 20506 2
182 131 409 426 8199 11
259 298 840 1165 7993 48
154 11 589 1327 9340 2
307 395 956 1079 1308 16
121 266 144 1299 26862 1
250 303 539 923 19901 0
226 310 513 1096 25056 2
369 238 587 1143 21288 1
277 313 241 864 23752 0
107 285 371 1129 22299 2
364 232 720 1353 27118 1
231 292 354 865 23110 0
272 112 659 1113 2416 5
351 223 306 1392 25632 0
115 275 278 1126 22997 0
219 205 62 1200 26110 1
119 263 26 691 26217 2
333 244 569 1394 24550 0
198 83 1310 1432 2430 44
277 2 768 1354 8432 13
45 267 946 1085 10884 27
334 50 108 860 9746 46
365 228 590 1202 25493 2
212 216 4 186 23282 1
227 296 391 1180 18475 2
282 262 444 1011 7056 38
107 85 170 929 5100 13
347 150 481 934 38 14
336 242 441 1397 25957 0
369 37 1140 1382 3167 10
117 269 295 750 25880 1
211 205 12 1410 23588 1
386 330 252 1260 20811 2
352 229 235 1404 9455 26
25 256 620 1005 8770 48
173 193 100 1050 21816 0
383 195 913 1201 1566 32
356 359 843 1400 2838 1
220 393 27 430 6381 31
110 310 953 1250 4750 14
185 192 115 654 24338 0
126 242 317 857 23666 2
282 311 215 844 19514 1
78 253 376 1395 526 42
231 23 487 562 8982 11
279 285 1234 1244 4216 45
46 241 136 226 10357 9
97 258 49 909 23994 0
202 203 127 690 24027 2
356 40 1418 1418 6439 32
0 312 1170 1246 4692 9
359 230 14 1349 18171 2
345 244 26 1221 26923 1
234 312 430 704 18838 0
230 295 225 902 19246 1
152 239 319 1156 22147 1
353 367 161 476 4279 33
130 71 873 978 2632 30
246 49 1157 1296 12593 46
136 96 1130 1437 12295 18
195 203 84 220 22054 1
391 326 608 1438 19215 1
193 262 119 143 2060 2
68 85 758 1201 8480 4
207 202 4 98 24370 0
152 345 946 1431 9264 14
242 307 616 796 26645 2
304 376 1076 1401 4593 40
271 298 538 1085 23476 0
391 325 444 1359 20488 0
74 306 642 1429 5267 28
240 297 215 1202 25745 0
209 201 70 955 25282 1
119 263 406 639 18500 1
235 230 872 1128 12111 18
109 189 47 523 1469 21
58 391 301 1308 592 44
392 325 659 1280 22266 1
279 324 1416 1416 11832 17
338 230 695 1118 26684 0
219 221 20 767 22772 0
347 235 531 983 18953 1
397 329 893 1279 22724 0
121 257 201 1159 24243 0
198 197 70 356 24451 0