25
266 311 16 675 21818 13
210 218 76 155 21716 23
289 142 238 1002 23216 1
359 53 764 1217 25030 17
290 199 245 1254 26320 1
304 193 588 1394 2040 26
194 317 1351 1383 13472 43
302 239 179 1156 22987 1
332 80 996 1289 24335 2
346 322 1290 1437 13402 14
380 86 805 1337 21291 0
254 132 259 1340 25313 0
268 315 157 844 9690 12
397 79 216 1087 19837 22
163 36 279 1213 1701 5
262 185 93 493 20121 1
336 157 593 1347 23162 16
354 146 185 1374 21552 7
388 158 704 989 20851 2
274 257 85 766 23011 12
60 211 29 469 5996 23
395 47 764 1396 21326 4
292 96 466 1203 19337 20
233 165 47 867 26500 17
223 175 0 1437 20745 2