60
251 195 556 1440 24548 25
330 43 129 386 9592 44
215 202 63 1303 19067 25
335 137 1062 1106 3512 18
59 128 988 1232 3654 35
254 188 959 1380 25119 26
308 141 583 958 6396 40
259 232 400 958 5932 31
13 194 266 345 4802 5
10 20 675 1377 357 3
290 134 420 802 12203 47
282 172 1007 1334 11808 25
178 199 780 1429 22987 21
24 205 703 1376 10372 45
219 212 274 1295 22481 36
371 228 1340 1429 10376 4
40 48 726 1011 12551 10
202 214 145 888 23710 46
101 394 50 384 6415 24
199 226 87 1077 23938 35
298 196 844 1397 10217 9
230 198 1117 1307 22604 10
178 223 506 1065 22626 26
236 197 1226 1372 22042 6
240 204 84 1102 24340 18
235 203 163 756 21071 48
208 205 698 1440 21024 48
197 226 108 1258 20118 16
246 181 380 1312 26585 31
250 208 203 1290 21659 10
218 214 389 1354 20761 7
171 202 146 859 25843 26
240 188 415 1421 24138 39
201 207 13 685 25905 21
216 220 18 1390 18437 1
230 48 147 416 1764 45
137 182 747 1136 4369 28
17 237 117 366 11156 26
242 207 259 1002 17988 5
249 197 166 866 22671 46
201 203 1 1440 24137 34
215 224 216 1428 25516 5
206 194 522 1263 20587 29
217 208 881 1099 21977 3
239 204 3 1231 20935 19
301 310 72 627 3905 6
377 283 689 1314 77 19
260 316 198 505 9805 40
174 212 428 1177 19792 41
203 209 356 1440 19417 7
205 283 238 1418 125 39
398 329 39 48 2962 29
242 186 336 1029 21754 13
193 204 621 1419 20976 20
193 215 16 1440 21824 30
339 102 1017 1319 3798 25
245 210 394 1440 24103 18
8 13 618 1068 12114 28
203 228 426 1440 23436 36
211 209 69 1256 21987 5
