150
62 275 82 705 19156 2
6 354 1059 1330 11719 31
50 292 48 1192 22546 1
180 207 14 855 25425 2
129 107 1402 1434 10429 16
278 136 492 1284 1940 0
181 235 1300 1426 8579 10
307 119 16 136 8421 41
322 184 1431 1435 8889 23
168 21 979 1424 8763 40
52 226 764 878 25506 0
96 288 942 1409 24894 0
88 262 73 970 21940 1
30 216 516 1425 18026 2
145 226 92 418 21407 2
164 12 603 1317 8321 22
49 292 197 1368 20493 2
191 205 13 924 26138 1
86 60 225 519 2450 49
84 252 207 1289 18230 0
142 275 1150 1418 19339 0
24 218 105 758 26972 2
47 270 79 1427 19770 1
33 223 120 1079 21867 1
37 202 67 985 25153 1
124 377 936 1107 4338 9
298 75 227 1241 6558 6
58 197 858 1400 4699 13
58 128 369 769 1904 15
179 92 735 1098 3201 3
1 245 305 1420 20552 0
268 75 1198 1235 6981 9
347 262 1076 1265 12084 40
8 258 256 1332 20166 2
190 25 363 1312 5876 6
202 80 1271 1362 9584 0
244 331 233 589 4527 49
377 229 247 464 5004 15
20 276 144 960 968 3
286 248 953 991 10026 16
87 288 924 1321 18063 2
207 328 1312 1321 2765 35
166 187 899 1183 818 27
156 217 60 921 22554 1
302 80 1072 1184 9560 36
10 198 291 799 21109 0
94 265 24 1023 20846 1
24 188 888 1086 25704 2
1 206 459 761 21666 0
262 189 1283 1342 8062 33
72 265 723 1232 23726 2
203 189 382 1102 4387 47
189 33 42 1245 9019 9
68 260 1351 1380 8874 44
76 264 349 1284 24157 0
134 278 37 1385 17612 2
42 213 307 998 20171 2
61 241 408 1390 25922 1
181 248 821 974 7424 0
290 77 587 608 10472 18
124 261 1229 1343 308 23
315 161 1409 1430 6116 28
142 227 28 798 18723 2
88 255 350 1173 24926 1
201 253 224 1050 10250 34
297 75 1355 1391 5479 24
60 242 738 854 20841 0
8 177 406 1276 18775 1
41 221 185 1120 19223 0
3 278 307 396 20722 0
23 186 354 1395 17487 1
102 259 168 549 25019 2
204 173 231 390 3643 13
11 180 21 1107 5511 29
354 352 1405 1434 1143 0
184 205 28 501 24127 2
77 210 848 1340 10187 1
78 251 1110 1435 21364 0
103 339 944 1000 3319 0
197 279 24 157 10618 8
66 70 1175 1347 1311 13
282 3 142 164 11262 31
58 241 376 877 19648 2
226 37 584 785 8850 13
20 203 871 911 21237 0
151 302 367 1368 5488 36
49 24 211 980 5565 5
341 256 754 921 7639 10
14 75 984 1020 5959 40
22 220 624 1072 19809 0
276 358 518 1309 9472 15
358 285 532 998 9628 48
189 212 15 1423 22749 0
362 1 39 1015 107 28
315 189 1021 1195 7792 45
33 313 1286 1342 3635 31
44 358 366 1097 3188 38
358 210 1249 1321 7202 7
216 112 1402 1402 9206 22
118 282 712 1247 19564 2
198 206 5 196 22415 0
200 335 707 1130 9764 35
7 176 72 1386 20639 2
47 223 658 1354 22314 1
27 216 371 834 21085 1
19 215 484 1252 17659 2
95 189 1401 1404 3430 45
3 174 267 1357 17521 1
333 295 1220 1295 7056 11
74 254 278 1013 2615 35
194 291 1262 1421 1289 11
59 233 553 1392 25268 1
128 251 246 1353 10876 30
124 208 643 1268 4013 23
76 103 1347 1418 3303 1
7 262 372 1430 21175 2
74 77 1006 1270 1664 28
104 277 873 1278 21036 0
32 218 225 1212 18749 0
127 274 1136 1379 19743 1
344 156 782 964 3674 18
19 273 1382 1399 9465 43
278 365 1 884 112 35
339 127 83 547 10445 43
12 157 97 1425 19796 0
119 324 720 811 7288 20
84 271 1008 1410 19187 0
161 217 2 759 21844 1
290 361 645 1341 1436 26
336 11 1185 1241 11209 3
26 170 536 778 20065 0
19 358 603 1181 4262 45
162 125 359 1296 10200 38
114 244 46 1016 22757 0
153 217 116 294 23735 0
49 290 301 1343 25784 0
94 253 95 676 26211 0
23 202 382 1120 25852 2
49 229 742 1110 22150 2
119 311 590 1036 2493 45
69 155 622 1414 543 37
130 275 873 1370 22849 0
39 114 1248 1290 8175 17
26 265 141 496 25249 0
240 28 997 1150 8074 0
13 215 235 1294 19737 1
243 86 888 1174 9671 8
305 389 1404 1420 9368 13
295 266 675 1264 4250 33
36 215 35 1107 24010 0