50
7 120 1286 1309 10234 38
39 269 888 1085 7980 42
75 107 1179 1214 2642 29
167 219 530 1284 18842 11
211 258 626 1286 25200 26
215 286 999 1260 24953 34
132 234 456 1440 19855 41
110 326 296 929 9331 27
90 126 80 394 4596 25
157 208 256 1440 23224 41
201 167 122 411 24262 32
286 132 1362 1383 3059 26
189 187 36 1387 22579 32
221 249 278 1440 20175 40
222 257 611 1307 23248 44
234 87 788 1226 1799 34
161 184 274 1209 24446 14
216 113 411 1379 10121 28
163 186 178 643 19869 39
261 178 1089 1323 2743 14
120 129 555 583 3439 27
71 38 1374 1424 4974 40
194 195 0 45 27081 14
223 264 571 987 26244 5
216 248 1148 1283 23871 38
271 319 241 333 4252 22
72 217 1348 1433 12106 26
187 181 16 236 23788 6
228 247 552 1430 26546 22
207 270 181 1248 23262 8
209 291 639 1290 22332 9
220 270 496 965 20426 10
169 175 43 361 23669 28
335 390 1230 1266 1530 1
391 10 181 1022 8413 31
192 161 6 831 26972 25
148 228 296 751 21703 28
223 263 29 1440 24318 44
185 181 20 571 22098 14
183 177 66 621 19946 9
171 207 289 674 19310 33
121 22 1237 1262 10130 15
225 285 406 1194 19660 12
172 204 258 1180 21039 49
219 272 382 1428 25862 35
167 224 5 810 20484 13
207 264 5 1411 22058 48
153 192 7 976 25847 32
142 222 305 982 18089 11
178 187 1 1248 26204 0
