45
185 188 21 747 21659 7
215 206 717 1440 26932 41
180 182 105 758 22846 0
68 381 1417 1419 3366 43
214 222 761 1348 20892 23
235 201 347 1258 23391 36
204 231 819 1363 21478 49
89 132 143 1365 6864 38
56 97 1289 1389 1786 4
223 225 459 1221 26651 41
261 200 113 538 21282 29
261 199 400 705 20154 21
184 229 749 1356 24477 31
210 205 25 731 21107 5
208 228 602 1236 23512 3
357 8 33 301 3275 21
185 181 127 657 25794 12
219 212 130 990 20108 29
184 179 68 1440 23701 10
199 232 818 1369 21531 35
88 266 1158 1342 12565 28
215 213 67 576 20132 9
217 308 157 710 1476 46
256 199 230 780 24298 20
395 343 839 1308 2117 10
184 201 10 1351 19827 49
186 224 636 1285 22638 48
237 201 180 1182 18893 44
225 208 6 926 19178 45
202 182 1088 1392 24483 13
199 183 910 1390 20729 12
200 230 796 1440 25561 30
189 196 73 638 26330 21
188 205 26 324 25348 31
199 178 383 1392 20135 0
225 306 843 1174 6584 39
256 201 103 1036 25541 35
252 97 969 1004 4259 30
186 190 125 1009 23586 5
247 211 125 504 19260 22
249 183 237 1423 20516 30
23 223 703 1320 9547 25
198 211 663 1432 26915 39
200 213 401 1179 25515 25
200 187 62 1395 21780 19
