160
125 100 0 360 0 40
124 103 0 360 1 39
123 107 0 360 2 38
122 111 0 360 3 37
120 114 0 360 4 36
117 117 0 360 5 35
114 120 0 360 6 34
111 122 0 360 7 33
107 123 0 360 8 32
103 124 0 360 9 31
100 125 0 360 10 30
96 124 0 360 11 29
92 123 0 360 12 28
88 122 0 360 13 27
85 120 0 360 14 26
82 117 0 360 15 25
79 114 0 360 16 24
77 111 0 360 17 23
76 107 0 360 18 22
75 103 0 360 19 21
75 100 0 360 20 20
75 96 0 360 21 19
76 92 0 360 22 18
77 88 0 360 23 17
79 85 0 360 24 16
82 82 0 360 25 15
85 79 0 360 26 14
88 77 0 360 27 13
92 76 0 360 28 12
96 75 0 360 29 11
100 75 0 360 30 10
103 75 0 360 31 9
107 76 0 360 32 8
111 77 0 360 33 7
114 79 0 360 34 6
117 82 0 360 35 5
120 85 0 360 36 4
122 88 0 360 37 3
123 92 0 360 38 2
124 96 0 360 39 1
325 100 360 720 40 0
324 103 360 720 39 1
323 107 360 720 38 2
322 111 360 720 37 3
320 114 360 720 36 4
317 117 360 720 35 5
314 120 360 720 34 6
311 122 360 720 33 7
307 123 360 720 32 8
303 124 360 720 31 9
300 125 360 720 30 10
296 124 360 720 29 11
292 123 360 720 28 12
288 122 360 720 27 13
285 120 360 720 26 14
282 117 360 720 25 15
279 114 360 720 24 16
277 111 360 720 23 17
276 107 360 720 22 18
275 103 360 720 21 19
275 100 360 720 20 20
275 96 360 720 19 21
276 92 360 720 18 22
277 88 360 720 17 23
279 85 360 720 16 24
282 82 360 720 15 25
285 79 360 720 14 26
288 77 360 720 13 27
292 76 360 720 12 28
296 75 360 720 11 29
300 75 360 720 10 30
303 75 360 720 9 31
307 76 360 720 8 32
311 77 360 720 7 33
314 79 360 720 6 34
317 82 360 720 5 35
320 85 360 720 4 36
322 88 360 720 3 37
323 92 360 720 2 38
324 96 360 720 1 39
325 300 720 1080 0 40
324 303 720 1080 1 39
323 307 720 1080 2 38
322 311 720 1080 3 37
320 314 720 1080 4 36
317 317 720 1080 5 35
314 320 720 1080 6 34
311 322 720 1080 7 33
307 323 720 1080 8 32
303 324 720 1080 9 31
300 325 720 1080 10 30
296 324 720 1080 11 29
292 323 720 1080 12 28
288 322 720 1080 13 27
285 320 720 1080 14 26
282 317 720 1080 15 25
279 314 720 1080 16 24
277 311 720 1080 17 23
276 307 720 1080 18 22
275 303 720 1080 19 21
275 300 720 1080 20 20
275 296 720 1080 21 19
276 292 720 1080 22 18
277 288 720 1080 23 17
279 285 720 1080 24 16
282 282 720 1080 25 15
285 279 720 1080 26 14
288 277 720 1080 27 13
292 276 720 1080 28 12
296 275 720 1080 29 11
300 275 720 1080 30 10
303 275 720 1080 31 9
307 276 720 1080 32 8
311 277 720 1080 33 7
314 279 720 1080 34 6
317 282 720 1080 35 5
320 285 720 1080 36 4
322 288 720 1080 37 3
323 292 720 1080 38 2
324 296 720 1080 39 1
125 300 1440 1440 40 0
124 303 1440 1440 39 1
123 307 1440 1440 38 2
122 311 1440 1440 37 3
120 314 1440 1440 36 4
117 317 1440 1440 35 5
114 320 1440 1440 34 6
111 322 1440 1440 33 7
107 323 1440 1440 32 8
103 324 1440 1440 31 9
100 325 1440 1440 30 10
96 324 1440 1440 29 11
92 323 1440 1440 28 12
88 322 1440 1440 27 13
85 320 1440 1440 26 14
82 317 1440 1440 25 15
79 314 1440 1440 24 16
77 311 1440 1440 23 17
76 307 1440 1440 22 18
75 303 1440 1440 21 19
75 300 1440 1440 20 20
75 296 1440 1440 19 21
76 292 1440 1440 18 22
77 288 1440 1440 17 23
79 285 1440 1440 16 24
82 282 1440 1440 15 25
85 279 1440 1440 14 26
88 277 1440 1440 13 27
92 276 1440 1440 12 28
96 275 1440 1440 11 29
100 275 1440 1440 10 30
103 275 1440 1440 9 31
107 276 1440 1440 8 32
111 277 1440 1440 7 33
114 279 1440 1440 6 34
117 282 1440 1440 5 35
120 285 1440 1440 4 36
122 288 1440 1440 3 37
123 292 1440 1440 2 38
124 296 1440 1440 1 39
