173
317 62 165 1188 20840 1333
202 194 199 881 13121 1009
276 8 329 1381 23259 3
93 368 625 769 24455 683
252 308 495 998 22273 838
367 36 1051 1057 8142 1381
2 200 508 912 24535 827
342 134 532 704 14409 493
356 262 921 1048 25709 41
124 56 180 316 25462 1068
167 255 297 534 4821 189
104 311 120 180 16925 355
188 304 1160 1358 14720 79
254 229 1129 1356 21962 1213
297 281 140 1082 14883 973
325 158 345 868 6450 56
172 209 1021 1308 23800 1204
115 79 473 1199 25709 786
179 387 1001 1063 14878 1322
105 180 1023 1328 14197 559
266 245 586 757 15548 215
102 389 890 929 8403 528
207 296 106 775 292 1257
250 267 51 680 21022 886
398 88 1162 1385 1887 1260
262 265 1376 1377 677 250
112 245 1185 1307 20202 96
316 174 108 773 9788 116
242 119 125 887 23800 709
277 200 1308 1347 145 1306
317 163 29 936 14407 614
243 123 1389 1399 1729 1156
179 377 1001 1045 11763 256
136 26 675 1376 5786 268
342 336 521 929 18089 1061
298 285 228 361 8980 771
103 185 1180 1181 8052 556
267 259 940 1284 23523 966
299 122 366 1388 7820 221
172 65 1224 1299 13545 937
308 236 332 790 16211 310
349 67 516 1159 10247 1085
178 120 1037 1123 24931 127
136 254 548 640 21133 664
340 9 1189 1227 3538 1367
111 226 389 1175 18678 1360
313 84 1165 1351 26739 359
87 235 369 463 16012 304
91 38 112 1244 5708 453
181 211 478 580 23795 106
313 242 367 829 14546 902
386 389 489 1193 18968 1384
316 178 531 1013 20589 1035
93 397 477 598 23836 1100
136 213 426 914 13444 611
168 326 1202 1389 26982 474
219 129 69 87 17651 688
105 17 640 1071 16314 859
297 140 371 1080 2470 901
2 258 829 1349 16528 170
217 6 195 878 8132 425
338 159 733 1028 5664 81
77 51 201 1081 7105 1135
204 13 954 1318 5510 569
339 175 710 936 23978 854
119 327 411 1365 24036 877
115 105 871 1297 25988 490
251 283 290 992 5216 650
212 360 542 683 14884 1180
36 285 904 955 15259 1082
219 143 2 24 25355 284
284 115 1087 1280 1249 973
175 351 1051 1247 24328 975
122 148 634 888 25054 122
228 386 15 966 1336 85
375 224 599 1046 3717 942
21 40 257 1257 21742 853
22 101 727 891 16723 1137
133 137 413 660 15245 813
52 193 1070 1393 23455 1196
127 277 1049 1225 4609 87
58 204 63 1282 7608 679
276 160 38 246 22717 549
340 284 399 472 22625 21
383 303 80 825 281 992
355 310 334 1166 3266 338
169 247 940 1278 3670 1279
161 137 719 816 7628 1278
296 387 900 1375 26819 243
142 231 1244 1379 1793 1123
174 63 70 363 23369 736
50 175 770 1388 9482 526
297 323 426 484 2684 906
1 207 1330 1363 14787 1047
74 25 976 1276 8340 1153
218 198 812 1115 15698 1082
370 215 911 1047 27012 438
389 99 524 747 21426 205
54 312 165 790 18065 873
90 70 20 1259 23960 520
84 233 1132 1137 6383 23
85 103 671 1077 23730 83
88 89 10 1046 15705 119
57 102 433 512 25101 734
262 60 176 404 2016 1337
3 245 717 1073 20656 57
1 158 577 1334 15773 873
190 213 1268 1313 23653 1377
351 315 45 312 15778 605
373 214 729 1350 153 468
212 268 304 310 830 501
88 178 327 414 20725 1230
340 389 1195 1372 13273 493
178 28 642 1357 25519 450
88 175 866 913 10995 716
13 201 1331 1337 2660 353
229 62 382 913 12975 578
229 262 870 1152 6602 924
48 39 642 868 16591 462
38 247 1155 1238 6207 772
140 31 1314 1364 18090 34
1 358 1131 1357 16620 636
268 64 1387 1394 12246 1033
148 133 339 693 11940 725
236 339 1109 1370 19217 702
30 317 1306 1346 19376 359
49 123 1039 1212 13619 436
352 76 1335 1337 20475 36
328 321 712 852 13526 1354
107 334 1054 1183 6854 1264
2 11 756 1200 21467 1395
220 110 151 641 843 393
210 57 20 936 14730 92
115 370 782 1036 157 527
198 73 745 1304 23413 120
131 323 167 1129 26726 1037
179 371 651 1376 1705 245
359 313 1224 1275 22911 193
12 61 707 946 5470 587
210 119 492 1369 26909 612
5 298 1324 1393 7482 1139
378 121 1288 1349 13013 577
389 115 552 1382 9631 506
390 87 1351 1361 7253 626
233 11 1159 1378 367 1172
144 223 556 1154 10212 128
375 133 111 1315 654 390
333 91 21 476 24265 655
223 251 714 1164 7957 1105
1 170 1157 1357 7616 1294
98 14 1078 1224 17389 1287
377 286 771 1077 293 1286
12 90 12 78 8219 8
361 266 499 787 6838 680
225 358 37 379 15215 308
12 218 172 287 10258 1327
51 248 725 1104 1180 424
343 309 1187 1318 5762 968
110 12 1397 1398 13460 813
295 347 1009 1036 26413 80
67 32 1020 1104 23287 1347
309 331 39 1185 6702 761
361 147 1385 1389 5898 513
204 50 840 1245 1375 1237
176 209 503 765 10527 225
319 80 1169 1383 1486 809
222 245 621 1160 12569 765
233 322 1352 1356 14322 650
187 138 1194 1340 6554 1290
188 58 129 1282 5574 626
82 118 1050 1211 3197 481
365 242 989 1369 15890 689
7 337 546 844 12011 1133
