168
0 0 0 1440 1000 10
5 5 0 1440 1060 10
10 10 0 1440 1000 10
15 15 0 1440 1000 10
20 20 0 1440 1000 10
25 25 0 1440 1000 10
30 30 0 1440 1000 10
35 35 0 1440 1000 10
40 40 0 1440 148 10
45 45 0 1440 154 10
50 50 0 1440 160 10
55 55 0 1440 166 10
60 60 0 1440 172 10
65 65 0 1440 178 10
70 70 0 1440 184 10
75 75 0 1440 190 10
80 80 0 1440 196 10
85 85 0 1440 202 10
90 90 0 1440 208 10
95 95 0 1440 214 10
100 100 0 1440 220 10
105 105 0 1440 226 10
110 110 0 1440 232 10
115 115 0 1440 238 10
120 120 0 1440 244 10
125 125 0 1440 250 10
130 130 0 1440 256 10
135 135 0 1440 262 10
140 140 0 1440 268 10
145 145 0 1440 274 10
150 150 0 1440 280 10
155 155 0 1440 286 10
160 160 0 1440 292 10
165 165 0 1440 298 10
170 170 0 1440 304 10
175 175 0 1440 1 10
180 180 0 1440 1 10
185 185 0 1440 1 10
190 190 0 1440 1 10
195 195 0 1440 1 10
200 200 0 1440 1 10
200 200 0 1440 1000 10
205 205 0 1440 990 10
210 210 0 1440 980 10
215 215 0 1440 970 10
220 220 0 1440 960 10
225 225 0 1440 950 10
230 230 0 1440 940 10
235 235 0 1440 930 10
240 240 0 1440 920 10
245 245 0 1440 910 10
250 250 0 1440 900 10
255 255 0 1440 890 10
260 260 0 1440 80 10
265 265 0 1440 70 10
270 270 0 1440 860 10
275 275 0 1440 50 10
280 280 0 1440 40 10
285 285 0 1440 30 10
290 290 0 1440 20 10
295 295 0 1440 10 10
300 300 0 1440 00 10
305 305 0 1440 90 10
310 310 0 1440 80 10
315 315 0 1440 70 10
320 320 0 1440 60 10
325 325 0 1440 50 10
330 330 0 1440 40 10
335 335 0 1440 30 10
340 340 0 1440 20 10
345 345 0 1440 10 10
350 350 0 1440 10 10
355 355 0 1440 90 10
360 360 0 1440 80 10
365 365 0 1440 70 10
370 370 0 1440 60 10
375 375 0 1440 50 10
380 380 0 1440 40 10
385 385 0 1440 30 10
390 390 0 1440 20 10
395 395 0 1440 10 10
400 400 0 1440 1 10
400 0 0 1440 0 10
395 5 0 1440 15 10
390 10 0 1440 30 10
385 15 0 1440 45 10
380 20 0 1440 60 10
375 25 0 1440 75 10
370 30 0 1440 90 10
365 35 0 1440 105 10
360 40 0 1440 120 10
355 45 0 1440 135 10
350 50 0 1440 150 10
345 55 0 1440 165 10
340 60 0 1440 180 10
335 65 0 1440 195 10
330 70 0 1440 210 10
325 75 0 1440 225 10
320 80 0 1440 240 10
315 85 0 1440 255 10
310 90 0 1440 270 10
305 95 0 1440 285 10
300 100 0 1440 300 10
295 105 0 1440 315 10
290 110 0 1440 330 10
285 115 0 1440 345 10
280 120 0 1440 360 10
275 125 0 1440 375 10
270 130 0 1440 390 10
265 135 0 1440 405 10
260 140 0 1440 420 10
255 145 0 1440 435 10
250 150 0 1440 450 10
245 155 0 1440 465 10
240 160 0 1440 480 10
235 165 0 1440 495 10
230 170 0 1440 510 10
225 175 0 1440 525 10
220 180 0 1440 540 10
215 185 0 1440 555 10
210 190 0 1440 570 10
205 195 0 1440 585 10
200 200 0 1440 600 10
200 200 0 1440 0 10
195 205 0 1440 5 10
190 210 0 1440 10 10
185 215 0 1440 15 10
180 220 0 1440 20 10
175 225 0 1440 25 10
170 230 0 1440 30 10
165 235 0 1440 35 10
160 240 0 1440 40 10
155 245 0 1440 45 10
150 250 0 1440 50 10
145 255 0 1440 55 10
140 260 0 1440 60 10
135 265 0 1440 65 10
130 270 0 1440 70 10
125 275 0 1440 75 10
120 280 0 1440 80 10
115 285 0 1440 85 10
110 290 0 1440 90 10
105 295 0 1440 95 10
100 300 0 1440 100 10
95 305 0 1440 105 10
90 310 0 1440 110 10
85 315 0 1440 115 10
80 320 0 1440 120 10
75 325 0 1440 125 10
70 330 0 1440 130 10
65 335 0 1440 135 10
60 340 0 1440 140 10
55 345 0 1440 145 10
50 350 0 1440 150 10
45 355 0 1440 155 10
40 360 0 1440 160 10
35 365 0 1440 165 10
30 370 0 1440 170 10
25 375 0 1440 175 10
20 380 0 1440 180 10
15 385 0 1440 185 10
10 390 0 1440 190 10
5 395 0 1440 195 10
0 400 0 1440 200 10
0 200 500 1000 4000 20
200 0 600 900 5000 25
200 400 700 800 4200 27
400 200 725 775 6000 30
