55
168 97 1060 1343 9437 282
152 64 285 762 22055 990
239 68 1181 1270 9957 1153
241 238 768 1223 6022 922
230 176 275 641 11252 1253
23 292 441 493 15158 224
315 172 38 847 24191 501
11 34 341 1151 20244 993
158 242 163 355 26189 1061
85 120 730 1368 4041 128
378 269 542 1101 19871 98
336 71 1372 1379 667 286
126 72 500 1122 4568 74
400 352 544 1253 27168 854
380 132 1239 1390 25578 312
223 151 306 751 12157 1062
334 206 362 775 11383 1231
9 348 338 359 6045 1016
91 95 303 834 10113 1290
206 227 580 925 2174 439
69 291 213 252 18052 505
95 356 1107 1344 16586 1110
27 123 18 97 18819 1060
24 0 976 1116 485 1144
144 98 1067 1175 22606 243
207 66 1272 1278 8709 615
233 22 453 987 10977 970
290 121 539 1074 700 1027
62 299 953 1160 9061 687
168 388 497 1226 8197 720
346 242 616 862 25624 150
389 184 1065 1368 24928 4
217 291 1334 1396 9814 999
130 260 513 1122 3997 544
363 141 1400 1400 18670 697
337 11 407 931 15014 1011
61 359 211 971 15879 998
26 343 937 1165 6695 986
143 344 1071 1203 24583 528
333 326 123 1261 10080 160
316 63 646 937 14236 877
371 318 23 514 17603 1166
87 163 581 1260 9602 217
327 283 463 1148 227 133
256 230 635 1392 4630 143
396 316 153 512 3878 548
235 331 265 592 16939 255
155 185 1050 1290 21802 1127
123 203 1314 1399 2593 904
98 50 705 902 13079 533
40 221 1003 1166 12817 1003
64 50 1080 1113 5425 42
290 322 1128 1153 25021 658
282 46 602 1251 10086 867
115 292 289 1190 10424 1389
