50
300 200 0 26 1 5
299 212 26 52 1 5
296 224 52 78 1 5
292 236 78 104 1 5
287 248 104 130 1 5
280 258 130 156 1 5
272 268 156 182 1 5
263 277 182 208 1 5
253 284 208 234 1 5
242 290 234 260 1 5
230 295 260 286 1 5
218 298 286 312 1 5
206 299 312 338 1 5
193 299 338 364 1 5
181 298 364 390 1 5
169 295 390 416 1 5
157 290 416 442 1 5
146 284 442 468 1 5
136 277 468 494 1 5
127 268 494 520 1 5
119 258 520 546 1 5
112 248 546 572 1 5
107 236 572 598 1 5
103 224 598 624 1 5
100 212 624 650 1 5
100 200 650 676 1 5
100 187 676 702 1 5
103 175 702 728 1 5
107 163 728 754 1 5
112 151 754 780 1 5
119 141 780 806 1 5
127 131 806 832 1 5
136 122 832 858 1 50
146 115 858 884 50 5
157 109 884 910 1 5
169 104 910 936 1 5
181 101 936 962 1 5
193 100 962 988 1 5
206 100 988 1014 1 5
218 101 1014 1040 1 5
230 104 1040 1066 1 5
242 109 1066 1092 1 5
253 115 1092 1118 1 5
263 122 1118 1144 1 5
272 131 1144 1170 1 5
280 141 1170 1196 1 5
287 151 1196 1222 1 5
292 163 1222 1248 1 5
296 175 1248 1274 1 5
299 187 1274 1300 1 5
