40
200 200 100 1200 120 60
200 200 100 1200 120 60
200 200 100 1200 120 60
200 200 100 1200 120 60
200 200 100 1200 120 60
200 200 100 1200 120 60
200 200 100 1200 120 60
200 200 100 1200 120 60
200 200 100 1200 120 60
200 200 100 1200 120 60
200 200 100 1200 120 60
200 200 100 1200 120 60
200 200 100 1200 120 60
200 200 100 1200 120 60
200 200 100 1200 120 60
200 200 100 1200 120 60
200 200 100 1200 120 60
200 200 100 1200 120 60
200 200 100 1200 120 60
200 200 100 1200 120 60
200 200 100 1200 120 60
200 200 100 1200 120 60
200 200 100 1200 120 60
200 200 100 1200 120 60
200 200 100 1200 120 60
200 200 100 1200 120 60
200 200 100 1200 120 60
200 200 100 1200 120 60
200 200 100 1200 120 60
200 200 100 1200 120 60
200 200 100 1200 120 60
200 200 100 1200 120 60
200 200 100 1200 120 60
200 200 100 1200 120 60
200 200 100 1200 120 60
200 200 100 1200 120 60
200 200 100 1200 120 60
200 200 100 1200 120 60
200 200 100 1200 120 60
240 200 500 545 1000 45
