52
69 55 792 999 48 227
46 50 1417 1429 83 9
350 342 1211 1404 57 83
108 135 384 1197 12 124
152 181 323 1378 5 232
71 74 617 869 31 216
122 106 98 1024 11 266
57 73 467 810 28 266
298 276 359 1108 14 321
33 32 1386 1430 81 25
35 33 1395 1431 75 21
64 68 119 470 33 419
71 64 386 839 43 380
68 75 1115 1418 42 83
380 387 1040 1041 96 198
323 315 987 1058 49 143
36 29 255 290 86 499
334 321 1310 1409 73 57
245 164 150 1174 5 298
63 73 586 934 34 334
36 45 1176 1224 73 105
67 50 608 935 49 221
300 313 226 741 19 392
115 101 411 1357 9 273
62 56 933 1136 47 166
54 60 895 1328 41 197
133 141 223 1057 15 332
67 72 1201 1430 49 89
348 332 1257 1365 46 81
187 176 9 1431 3 135
51 59 1134 1389 41 114
305 301 867 1409 23 141
306 301 468 1098 28 290
204 151 147 1262 9 290
225 245 88 1101 10 108
349 343 793 892 49 259
331 327 1164 1304 74 112
333 345 569 769 47 353
278 298 529 1060 25 227
65 70 837 1305 29 171
219 220 88 1371 3 168
73 73 983 1263 28 164
231 235 252 1316 6 222
245 179 93 1334 8 216
74 61 1125 1326 45 95
331 320 1060 1193 58 147
29 26 1029 1049 85 202
312 304 658 1422 24 260
308 301 505 1224 29 266
72 60 709 1085 44 283
66 68 388 721 49 399
331 329 983 1148 44 193
