24
305 279 468 1193 4 486
307 307 377 1134 5 286
74 75 971 1384 11 143
350 320 1104 1258 13 131
50 38 311 349 14 520
331 321 1267 1380 13 64
304 311 153 861 4 372
198 222 212 1413 3 429
67 71 579 863 12 317
37 38 1346 1370 14 43
51 54 294 751 10 291
341 342 920 997 13 229
303 287 540 1229 5 190
286 289 712 1248 4 309
204 187 14 1426 1 668
306 283 820 1402 4 219
58 58 67 453 11 662
108 116 182 1000 4 457
51 69 933 1301 11 226
328 347 1206 1358 12 73
72 65 815 1273 12 239
304 280 673 1215 5 366
52 50 546 1045 12 411
115 123 195 1191 4 298
