161
265 39 403 749 20816 1440
342 212 180 314 16549 1437
157 169 848 1198 13505 1438
118 230 879 996 25219 1439
80 328 1019 1063 15708 1440
16 260 1241 1315 27062 1438
254 7 422 1275 22893 1440
43 145 99 257 10899 1437
44 169 811 1423 928 1437
262 63 609 881 18777 1438
123 179 1125 1344 5480 1437
0 1 1438 1440 13622 1438
343 400 1156 1287 27186 1437
204 76 141 964 16902 1438
188 88 1061 1203 8607 1439
326 64 1325 1342 17602 1439
90 208 1116 1169 11899 1440
11 371 662 742 6684 1437
77 256 7 464 25261 1440
249 60 812 1405 17994 1440
246 121 498 955 6073 1440
336 99 1397 1432 14471 1440
235 334 1163 1275 10765 1440
223 105 782 850 23712 1440
134 257 677 872 25288 1438
315 83 656 1011 20016 1437
80 43 614 945 17098 1438
212 247 482 913 24796 1439
23 309 440 1224 851 1437
201 196 230 724 23726 1439
144 117 490 1212 25597 1438
378 5 1417 1435 26542 1437
160 203 900 1049 7934 1439
239 58 841 929 20472 1438
28 262 165 1057 26152 1439
229 115 1329 1415 8585 1437
270 58 724 821 12518 1438
340 139 112 213 25520 1438
111 39 861 1335 13661 1439
309 261 792 1420 362 1438
99 227 873 884 24988 1437
20 33 168 683 11095 1437
342 20 1437 1439 6129 1437
368 205 1173 1403 3480 1439
307 193 616 805 15435 1440
261 86 1395 1438 12320 1439
197 76 1145 1403 6767 1439
31 277 457 1164 8431 1438
356 375 449 1253 13064 1437
374 322 55 427 3898 1440
15 48 535 925 16530 1439
390 312 70 420 12504 1439
364 298 1182 1325 25135 1439
297 222 974 1205 8103 1437
352 192 54 1263 24144 1440
133 356 664 1102 3341 1437
144 331 536 714 3244 1439
380 201 1438 1439 7494 1438
119 334 913 1234 6910 1440
22 71 1132 1424 26105 1437
299 334 583 1089 17291 1437
233 247 1080 1390 23233 1439
15 139 1418 1439 25339 1438
211 360 943 1203 17397 1437
326 238 494 896 23878 1438
297 120 383 945 26477 1440
193 274 691 1068 3824 1438
108 264 181 475 24310 1440
294 58 1130 1210 3519 1437
207 31 313 527 25153 1440
219 271 565 1119 17778 1439
142 243 771 969 4565 1440
379 32 1411 1411 23061 1439
365 206 130 848 18874 1437
12 155 1428 1435 22474 1437
180 122 1151 1230 1373 1438
258 133 94 192 3491 1438
59 56 393 688 2466 1439
89 210 36 38 26766 1437
182 345 1167 1350 15599 1438
50 7 974 1400 10666 1437
112 191 143 1175 6383 1438
143 149 5 336 7886 1440
318 247 659 1411 23500 1439
362 101 79 1276 23573 1440
97 149 1157 1180 1607 1437
122 215 923 1224 755 1437
34 398 1280 1370 3065 1438
135 48 525 1272 15447 1438
383 251 1311 1392 308 1440
284 63 224 235 17739 1439
101 139 314 501 14596 1440
64 41 905 1136 9132 1438
400 318 163 1100 4376 1438
209 203 421 1138 9419 1439
63 211 655 1268 24186 1437
279 362 183 452 25849 1439
188 114 752 1178 19477 1439
88 295 479 618 17329 1440
66 269 679 798 5126 1439
135 290 1356 1423 25950 1439
366 6 1379 1417 24253 1440
320 9 649 822 4260 1438
172 11 253 1425 15498 1439
287 317 645 1343 10104 1440
278 395 1243 1356 3312 1438
146 234 84 458 3382 1437
183 344 794 1056 25307 1439
358 190 1367 1417 17925 1438
22 126 17 459 13559 1439
308 323 693 775 15780 1437
328 361 856 1205 21612 1437
360 333 1030 1263 4490 1439
213 58 145 292 15444 1438
257 362 367 459 10875 1437
148 358 475 870 9740 1438
263 84 331 556 6361 1439
373 324 352 1109 25724 1438
320 188 989 1028 21449 1438
399 58 1418 1429 4429 1437
307 4 173 1043 19667 1439
274 266 14 886 10144 1439
39 364 1090 1343 10458 1440
84 188 859 1275 17123 1439
233 189 1172 1223 3951 1440
132 285 1336 1358 3296 1438
192 201 469 693 19872 1437
379 184 208 343 12726 1440
380 151 1051 1272 2002 1438
299 177 985 1231 12707 1437
163 162 1084 1102 11792 1437
47 82 28 964 15112 1438
159 229 1252 1425 21300 1438
196 42 446 880 20872 1437
342 357 1175 1231 22572 1437
161 263 349 1400 15064 1437
237 130 272 811 26819 1438
394 307 973 1435 3725 1437
197 324 986 1424 9214 1439
342 128 1431 1435 23094 1438
55 328 1294 1366 13514 1437
93 186 1396 1419 21344 1440
1 389 486 1098 10996 1439
21 358 67 1211 1993 1438
362 219 1239 1397 12478 1438
205 19 1082 1118 6316 1437
218 361 1167 1284 5586 1438
346 60 300 1400 12654 1440
181 264 814 1043 16987 1438
5 283 1439 1440 15925 1437
335 243 444 1144 4310 1439
203 240 979 1261 26682 1440
152 271 1283 1413 17057 1439
50 314 286 483 13613 1439
163 383 795 949 19404 1440
130 153 1294 1415 4458 1439
127 205 219 750 21679 1438
5 200 1141 1143 17665 1440
95 387 279 628 13263 1438
201 201 1430 1439 27200 9
200 200 1427 1428 150 1
