43
59 64 914 1265 29 190
74 55 385 625 33 421
53 69 1087 1365 43 104
194 176 5 1435 1 27
184 192 47 1393 5 174
350 331 986 1171 72 143
344 316 783 837 64 223
315 322 1329 1409 59 38
327 326 775 885 45 219
57 67 389 641 41 352
57 54 747 1167 31 218
171 230 262 1304 5 60
275 296 630 1273 21 260
326 338 881 1063 57 218
220 223 0 1440 2 105
52 53 726 1198 46 212
55 69 443 739 49 358
58 53 1066 1283 31 114
50 54 468 695 42 324
128 128 253 1124 13 243
344 315 602 759 63 306
41 46 984 996 80 201
58 71 255 665 44 450
281 277 335 1127 16 273
62 63 1050 1313 33 129
287 315 217 743 16 272
32 47 1291 1332 76 60
329 349 1240 1300 59 90
72 71 245 546 28 439
375 400 1425 1439 93 1
203 220 24 1416 3 103
240 189 233 1395 6 142
60 53 130 503 33 377
44 31 390 438 82 452
208 217 37 1403 2 152
51 70 788 1143 50 236
50 54 337 655 49 327
311 281 594 1265 19 193
316 327 205 390 55 517
316 343 1192 1376 47 83
56 71 606 1038 39 263
64 66 233 583 50 402
68 65 825 1129 41 202
