175
325 104 231 590 11 30
370 127 1237 1338 4 13
321 180 1279 1383 2 25
164 156 328 1069 14 14
356 26 285 600 5 25
216 56 1215 1300 2 12
294 75 1297 1409 2 5
74 110 601 682 3 16
71 79 1370 1409 4 18
198 93 570 1277 0 0
231 385 758 921 11 12
232 266 333 634 14 9
122 337 417 1259 10 27
284 178 95 181 1 7
293 186 260 702 5 20
131 188 830 1392 8 9
267 194 981 1135 1 21
389 351 238 593 4 15
269 95 1010 1369 4 28
250 202 1339 1408 10 3
140 369 1179 1384 11 6
38 222 1088 1203 12 5
98 312 636 822 7 24
2 64 694 1149 11 19
375 156 515 1084 14 2
104 62 611 642 6 30
309 210 1017 1053 0 19
234 74 1384 1428 12 22
205 236 803 1144 6 23
370 391 782 1073 4 7
105 58 136 565 14 26
365 331 981 1095 15 23
323 377 505 1318 15 25
251 69 990 1440 6 19
56 171 664 1287 12 24
180 298 1235 1266 7 17
62 173 978 1243 11 4
344 100 1371 1413 2 11
91 324 797 1342 5 8
155 67 277 793 0 17
4 299 1255 1304 9 25
377 91 808 862 11 19
174 334 466 1154 8 4
143 309 1293 1400 7 26
7 13 1346 1348 4 9
334 144 390 1133 3 4
358 165 935 1145 1 3
82 130 991 1192 11 20
95 375 848 1271 8 22
354 294 914 1177 5 1
189 267 532 1135 7 20
163 111 1225 1329 9 2
97 50 1333 1357 12 17
13 333 169 341 14 8
393 59 656 735 0 24
202 291 603 1202 1 1
63 383 734 1411 10 8
398 127 1155 1343 6 14
201 46 1330 1409 8 3
130 124 772 1093 7 22
28 91 83 1185 9 5
41 255 1086 1327 10 8
328 43 1095 1295 9 0
127 288 787 1187 4 2
78 53 143 788 3 0
202 306 288 536 0 13
72 338 899 1214 11 14
101 176 498 1421 2 17
205 397 1179 1260 11 20
15 289 601 1401 15 18
226 188 209 209 3 26
61 166 770 1218 7 8
92 247 730 1377 8 16
220 154 43 1385 3 3
358 228 159 1024 9 2
274 164 299 1129 8 4
147 375 826 1056 8 2
177 254 1108 1183 15 13
364 253 1415 1415 9 29
257 48 1054 1149 2 1
122 220 1143 1378 15 18
143 243 1042 1117 8 20
35 264 638 640 12 20
161 232 550 562 9 8
300 362 1045 1280 7 27
43 180 902 1431 8 25
163 70 1162 1422 15 29
325 160 285 1224 13 5
371 31 423 432 3 19
26 395 1287 1290 2 3
51 70 174 1389 1 25
35 287 248 1337 8 12
250 36 597 624 1 16
206 218 750 894 13 25
62 32 346 663 11 27
113 347 762 1142 10 3
228 141 855 1378 12 29
135 88 931 1438 9 5
69 63 1249 1387 15 1
241 207 1097 1121 8 20
65 156 498 660 12 24
215 112 1070 1343 13 7
319 400 1341 1351 10 15
360 286 1333 1388 14 0
123 370 41 710 12 27
338 49 269 875 11 4
316 285 66 1312 0 26
209 15 1099 1149 6 14
93 38 126 1125 10 13
371 346 924 1076 6 2
123 48 579 947 13 23
254 227 445 1337 2 6
304 85 702 949 5 10
33 293 1037 1292 14 17
21 296 326 355 10 16
28 55 738 769 2 0
232 40 773 1093 2 16
345 148 990 1131 8 10
10 178 1092 1329 12 16
107 77 133 925 10 6
261 30 1193 1233 12 16
359 290 95 1198 4 24
166 254 995 1332 12 24
320 259 1037 1173 13 8
146 66 450 496 8 7
273 119 209 789 15 17
72 383 970 1100 11 30
209 286 1384 1402 5 29
385 29 1236 1250 0 20
264 335 1102 1320 9 15
278 129 1316 1407 13 11
317 179 59 1005 14 11
299 7 1264 1341 6 12
290 300 625 1228 7 16
28 152 606 881 4 6
11 122 270 1057 12 14
183 369 1026 1173 3 10
260 62 160 644 14 16
291 203 72 284 5 18
281 252 1 777 2 22
173 193 844 1395 2 0
155 145 616 1319 1 4
11 381 1092 1219 9 26
224 294 109 841 14 5
58 107 429 1268 11 1
399 251 149 788 8 29
34 199 552 1361 0 26
10 252 599 1272 6 5
154 25 943 1333 9 19
225 96 911 1087 10 12
210 196 301 896 6 30
141 110 499 889 6 5
78 341 93 592 14 17
396 366 41 923 4 28
24 90 1044 1349 5 2
200 301 1034 1432 12 26
54 370 59 1150 6 23
241 355 1236 1432 5 6
382 80 320 769 11 10
167 11 583 664 10 12
217 196 513 652 3 14
301 13 697 1180 0 21
217 313 982 1014 12 14
51 99 89 225 0 16
247 137 370 1327 0 1
204 115 430 1335 7 2
113 335 192 868 14 9
245 2 751 1266 13 22
73 100 300 568 11 28
50 133 270 459 4 19
375 51 958 1122 8 10
395 400 900 901 27200 1
0 400 901 903 27200 1
203 400 900 901 27200 1
200 201 1000 1440 27200 440
