53
178 194 567 708 6 81
220 177 1089 1130 7 7
228 176 571 1236 4 529
198 155 1253 1264 8 9
191 163 718 985 3 29
201 191 61 680 4 131
241 190 1168 1186 0 1
231 243 923 1353 5 182
199 165 1323 1361 7 21
155 248 533 930 3 53
173 165 928 988 6 27
196 179 901 1368 0 289
177 234 995 998 7 3
224 246 1395 1437 7 31
192 157 1298 1434 8 128
211 227 362 1250 1 823
216 224 520 1175 9 528
168 199 168 1436 0 1069
234 250 609 1341 6 661
186 165 655 1340 7 80
196 214 1415 1424 4 2
197 236 753 773 1 0
167 236 604 1436 1 745
230 217 86 873 7 115
212 243 907 1071 2 88
223 239 641 1043 3 359
234 227 853 1035 10 78
178 199 96 595 3 90
153 153 155 367 9 89
170 219 582 1401 9 318
188 164 436 901 7 91
207 163 363 745 4 226
188 231 345 404 7 32
173 204 1174 1230 0 56
185 234 270 739 8 296
13 2 116 124 6926 3
12 4 42 82 12257 25
3 6 3 123 1064 49
11 9 83 147 12874 58
5 377 106 827 11898 400
2 396 192 1262 13523 825
14 397 1068 1318 11006 220
4 391 786 911 11544 99
394 15 185 393 10706 29
400 9 261 355 12954 4
389 13 339 418 11825 56
381 5 117 404 14827 36
390 5 180 216 11955 28
394 400 5 74 24437 11
388 390 3 47 22531 40
376 389 5 42 22346 24
380 393 7 49 17513 41
387 399 5 67 24006 0
