177
35 181 968 1163 20999 115
371 324 211 654 24320 284
305 209 1029 1104 529 739
49 397 950 1210 10797 474
275 17 135 247 12884 427
364 73 1302 1363 12050 648
334 185 315 1397 18120 455
59 129 1196 1369 12920 819
39 165 45 415 13154 861
386 242 350 989 3744 282
136 186 422 487 22670 308
299 302 848 1072 5615 1060
386 172 237 539 12173 623
392 141 362 819 1375 1178
327 204 1176 1351 23291 224
56 168 1289 1428 25617 718
252 114 750 1366 19452 616
353 233 552 592 436 226
201 293 1344 1371 7473 963
90 350 705 1276 17329 1356
379 79 689 1141 826 161
179 142 583 696 4532 561
19 84 513 1062 16978 443
94 329 537 726 10368 1185
157 269 447 1058 15999 496
219 38 257 870 3220 563
57 336 701 905 8803 275
218 290 442 1026 8484 85
344 17 1180 1406 24344 909
93 294 17 745 26593 882
153 300 639 995 5689 387
72 64 1435 1435 3254 363
222 196 1003 1410 26251 1217
335 171 634 1097 17148 1304
254 150 109 601 21344 1226
346 111 622 867 24055 22
342 38 1389 1393 10020 756
47 332 1030 1121 13478 624
174 3 1105 1424 18158 790
80 281 1317 1370 7866 377
167 392 1201 1240 7762 1221
234 346 1255 1387 17660 498
318 254 1228 1358 9082 1298
68 247 479 1259 9482 963
44 195 970 1375 23332 1372
15 286 13 519 2891 1006
184 63 1417 1433 24208 269
400 2 935 1289 12321 1163
130 117 756 1386 22216 773
77 230 306 310 26508 818
18 195 874 1411 11625 1385
185 133 225 817 12930 710
365 113 553 708 11425 45
24 116 742 1038 24259 1404
58 320 1070 1292 16328 531
396 179 3 735 1477 97
157 13 795 1014 5260 458
13 364 70 197 10579 504
112 350 889 1388 14182 1217
276 392 609 700 25807 909
74 145 1216 1357 16295 675
110 17 459 541 10110 676
68 204 280 859 21506 5
60 225 955 1265 20390 666
11 169 1165 1308 23137 616
234 49 1110 1192 26716 1315
118 196 764 1344 24530 795
312 321 1070 1186 21434 379
357 72 1179 1237 18957 649
353 49 265 1221 15674 1396
218 36 1218 1232 25428 690
356 42 1408 1424 26137 539
93 125 717 952 20377 1027
3 11 281 731 1382 702
353 297 633 722 16166 422
331 373 1242 1293 2592 796
116 24 1009 1219 26678 1165
356 213 1290 1366 7896 1346
182 317 506 907 25813 1224
295 274 508 830 21555 320
141 52 811 1098 24226 1242
283 147 1232 1437 6161 1010
302 316 1157 1387 8030 52
294 247 345 1001 23058 763
6 302 830 855 18680 104
110 216 1085 1243 5113 1305
185 243 740 1421 14347 332
40 365 1240 1391 19106 1210
220 336 1274 1376 13436 190
113 140 1212 1392 17082 789
384 290 1201 1365 6015 539
156 255 17 169 5292 670
378 194 1207 1402 12899 731
139 252 596 737 5023 1297
348 213 300 934 26531 775
43 326 1434 1434 22952 902
386 82 847 926 10449 1203
384 271 3 1302 1767 1049
297 273 772 878 6130 81
363 20 83 1183 25109 1393
265 363 484 611 16068 620
259 65 1220 1369 9492 253
198 94 1061 1079 3058 1266
173 184 743 1273 23296 316
198 35 760 996 9133 403
142 375 713 1068 1104 200
117 340 227 235 23910 284
339 179 307 1422 20656 789
111 124 1224 1402 7328 132
181 37 774 1216 15495 983
331 6 757 1032 26652 50
136 232 1010 1151 20396 118
376 93 839 1040 8541 478
228 71 490 1371 14223 122
327 254 1256 1425 3528 548
81 185 952 991 15189 389
140 276 572 1142 3243 137
368 103 1035 1091 21359 908
0 333 990 1030 2129 1290
132 358 1062 1063 12925 386
119 43 1226 1265 27030 279
107 35 711 806 6798 713
122 98 1438 1439 8045 764
236 221 893 1220 2442 70
302 168 339 1347 12492 164
394 289 1363 1366 4628 119
385 69 111 310 8547 126
339 210 1207 1261 15600 331
94 49 1136 1382 24414 574
357 371 626 1270 6894 1271
400 336 924 1391 7510 733
16 144 992 1122 23506 629
239 242 321 660 8085 123
317 85 594 979 7506 1309
263 114 923 1242 13741 1287
55 24 606 1305 20914 1171
283 317 532 1326 16953 646
106 82 298 711 22424 1231
147 383 1392 1439 6420 954
254 85 500 526 18759 1179
33 121 958 996 15463 663
31 308 802 949 20990 1428
237 156 551 834 18103 806
242 310 452 955 4401 663
213 41 1190 1211 4968 309
234 294 596 1182 13100 805
98 227 133 702 11115 1138
120 399 370 1201 18902 1132
340 151 202 1286 18746 480
332 131 290 523 26541 1199
222 110 1138 1346 19659 557
193 240 912 941 10283 1021
16 348 202 1010 429 701
11 124 1320 1393 14712 1222
70 372 461 935 22342 1370
209 200 1297 1363 6291 687
83 224 696 1225 12755 124
220 48 1241 1343 22352 615
107 193 1262 1291 11818 1335
348 389 289 368 4455 535
170 100 957 1346 20692 7
259 258 532 805 2199 567
124 278 1429 1430 1326 254
87 297 703 1037 12355 13
17 152 974 1431 6903 518
48 163 1246 1293 11686 792
194 55 314 434 18583 1011
286 364 759 1362 17297 1176
259 130 142 777 11084 96
13 236 977 1004 20072 251
262 186 690 1053 16128 694
212 270 1434 1436 8898 1136
226 373 443 506 12697 1056
135 189 1186 1288 13889 700
24 79 483 1389 20397 1298
309 8 89 133 20361 1349
2 140 967 1265 3951 7
