25
68 51 770 1225 11 186
50 33 1003 1038 13 186
42 43 1394 1414 14 19
110 133 308 1118 4 477
74 65 795 1046 11 188
294 307 126 832 9 589
287 298 448 1195 7 421
290 315 752 1437 9 244
325 330 850 944 13 279
316 330 1199 1342 12 90
70 75 947 1418 12 129
57 74 158 549 10 433
65 54 774 1241 12 175
350 332 1121 1194 13 118
59 75 731 1155 11 335
330 345 1274 1430 13 55
325 322 1195 1337 12 103
321 325 1337 1432 12 50
285 276 442 1232 10 389
220 238 265 1378 2 193
65 54 808 1064 11 289
26 32 1384 1429 14 22
331 326 740 829 13 346
129 104 515 1373 6 287
43 45 1414 1432 13 13