25
269 387 1117 1138 8912 105
145 380 1177 1430 5397 125
2 291 724 1102 4829 178
23 241 800 987 2186 124
173 399 507 562 898 391
50 217 693 989 9452 70
363 326 71 514 334 282
397 187 271 401 2762 564
353 319 513 1167 7123 92
272 352 472 1250 5191 316
106 95 806 1210 73 202
75 318 103 1395 413 513
264 216 278 355 3110 426
262 96 1075 1124 5075 162
190 207 1377 1397 3737 20
137 61 1331 1438 9112 20
194 137 617 1005 5018 249
69 142 807 1220 8757 143
282 372 1209 1349 4934 95
172 129 332 619 7265 84
27 261 92 857 7843 511
280 247 1407 1431 4781 4
306 238 294 1272 9488 30
22 18 224 1038 5903 288
217 196 199 1434 6131 313