200
321 122 349 391 2418 41
8 226 194 877 8788 5
358 125 1198 1439 2229 17
7 56 1014 1417 8335 7
345 305 1373 1432 27188 0
101 319 272 995 13366 47
185 398 946 948 11125 1
125 271 196 1080 14687 71
6 238 1110 1438 17713 34
242 256 348 1020 13183 80
87 326 548 1414 13772 89
224 353 1096 1172 3440 13
251 365 1340 1404 25805 4
187 357 560 996 17766 67
144 223 518 1024 24743 19
354 189 1175 1207 17050 2
54 324 1088 1218 27051 18
384 34 1407 1418 12430 0
169 324 1042 1145 15481 8
267 46 280 1035 26881 80
328 100 1036 1274 9962 22
342 46 115 1382 24034 117
249 244 440 1043 1596 27
259 87 101 580 3700 114
28 327 101 404 1235 70
391 25 101 1356 26832 73
25 192 147 1147 13500 35
293 0 1190 1282 6727 8
295 79 696 1118 23306 52
118 276 1052 1361 17654 3
133 3 1037 1100 25587 21
392 87 884 1057 7875 14
0 41 490 1369 4843 85
142 206 1364 1401 21404 7
66 54 1120 1376 11596 19
338 197 86 1040 837 45
114 339 1090 1223 6800 3
339 389 594 904 3347 7
304 12 1004 1228 1282 13
238 99 1252 1287 8698 12
206 328 876 1401 1575 32
192 79 424 1228 21060 63
301 356 891 1348 22426 11
104 168 1292 1364 10958 6
121 287 1400 1437 19117 4
7 1 360 834 9658 45
312 193 1154 1343 10819 3
278 234 47 1135 6428 111
264 352 1215 1245 6405 15
51 311 671 1232 2705 34
395 135 1146 1197 9565 9
115 138 318 1431 10150 9
399 18 194 576 11528 79
132 380 752 963 8365 48
134 282 11 899 22559 122
300 118 1030 1410 17638 13
138 307 1371 1420 4627 4
6 161 312 533 7298 16
145 8 230 1207 27106 43
376 76 217 237 14065 24
346 269 1289 1424 2172 2
298 111 1017 1154 20066 38
387 116 846 1040 26841 51
114 36 901 1290 6720 30
161 13 435 1069 23515 68
303 353 500 796 18680 15
182 266 722 1296 2527 69
366 112 475 486 6128 33
164 154 939 1181 11749 12
217 229 927 1378 5849 33
142 107 798 1193 21242 7
372 385 724 1248 21169 42
240 65 238 269 2107 90
96 96 1205 1250 23251 16
228 136 913 1195 25727 40
206 97 502 833 3046 88
189 360 341 731 15029 36
155 202 1252 1290 18097 17
112 30 1199 1419 26921 3
318 278 170 500 6424 107
346 313 1153 1167 7399 15
200 362 1074 1410 5183 6
144 242 192 549 19107 20
314 348 270 526 17493 95
190 340 689 1341 6837 67
282 288 60 107 15975 24
323 359 499 661 5914 80
74 210 1275 1303 25435 11
71 33 724 951 16031 1
273 396 722 757 25769 28
163 18 1031 1403 8223 27
10 263 863 957 14058 34
97 340 943 1221 16398 18
316 329 891 941 9901 29
75 223 1224 1440 23774 8
21 180 17 458 15231 138
297 318 827 1255 17394 4
292 119 487 1413 17839 52
185 44 116 759 8094 88
183 284 217 259 15174 52
132 193 1237 1271 7621 5
387 111 1076 1260 14814 0
248 112 1069 1336 26337 22
276 175 37 55 25478 44
102 211 306 706 11829 103
360 167 148 191 5001 4
245 125 590 1215 14425 71
145 326 1129 1168 18662 28
226 214 173 200 7539 75
219 211 1144 1357 20420 13
191 24 1134 1354 16351 8
102 278 741 974 18689 35
204 108 400 1234 26292 93
21 127 533 1167 24298 7
218 187 94 598 1662 93
189 44 141 730 704 19
254 166 1019 1184 23694 13
169 21 813 865 10023 53
120 206 1144 1422 4107 19
142 307 417 1066 16749 68
345 54 924 1383 17194 37
181 12 1218 1388 14111 8
215 349 617 1228 18466 66
147 5 995 1117 23405 0
116 325 481 993 9606 10
321 239 305 838 25527 46
138 280 1347 1399 1913 0
146 47 125 1270 12438 29
370 56 809 1281 12950 5
356 344 1150 1283 20474 14
159 100 137 585 26061 125
286 356 1181 1336 5211 15
85 348 690 1003 5731 31
207 364 217 535 10099 40
20 241 836 1103 7191 57
161 374 1184 1401 18294 16
142 74 363 865 12871 2
205 175 1030 1127 19183 41
98 357 535 986 25951 62
293 44 524 1089 24215 90
2 28 422 528 11851 10
40 363 253 1396 11139 109
299 340 1434 1437 14922 0
211 298 579 687 22460 27
268 257 450 1386 2290 5
204 244 1253 1351 23651 10
140 53 546 680 1721 62
130 100 799 944 16838 56
84 242 1396 1397 11848 5
375 176 519 1169 16288 33
393 176 1101 1285 15224 4
135 344 221 1057 17128 14
387 67 1288 1419 498 11
198 326 641 1021 7749 22
221 292 267 390 8909 99
144 79 1106 1137 3531 5
236 383 1155 1177 2987 25
19 61 1100 1114 20215 19
34 45 656 1162 26953 68
314 94 158 1103 18894 42
148 269 406 859 16841 97
84 372 691 965 14262 64
301 191 1278 1350 23729 8
274 266 921 1415 4118 27
188 213 915 1203 10930 14
333 37 399 879 3043 33
327 230 342 409 20122 53
51 96 1046 1310 10200 0
188 229 780 1078 9493 50
298 238 1214 1420 8913 4
210 357 789 1234 23218 14
399 300 433 1004 5613 82
383 354 120 884 6310 111
269 256 169 824 3401 9
78 25 119 168 6455 88
13 68 425 508 17175 41
142 138 1391 1416 12453 2
142 152 605 622 10543 82
381 375 215 871 15784 27
37 398 114 176 4625 92
93 386 1267 1395 13136 6
219 359 1009 1303 5793 11
311 68 650 1141 15026 18
251 87 937 1220 5027 28
219 175 488 1014 14157 70
269 219 368 846 18146 25
124 261 965 1030 11881 14
167 101 256 445 9090 116
182 280 361 856 5597 20
9 344 1102 1133 12401 9
355 282 1325 1396 10751 5
184 190 1230 1392 8616 4
17 66 332 1162 12219 63
114 110 1189 1372 12335 9
171 179 905 1215 9606 5
263 3 394 1406 15885 86
16 80 650 1348 14634 13
255 316 243 1221 24182 93
362 215 372 854 24897 6
187 397 192 568 26388 39