60
202 36 175 982 9244 121
180 155 170 268 13761 12
155 138 861 1381 17043 60
247 369 468 983 4865 16
52 252 469 1437 15732 111
87 213 1097 1214 3104 24
254 64 247 942 2046 51
7 21 884 1276 11325 31
319 51 746 1146 7907 76
267 211 836 1097 8096 19
126 192 1171 1326 17032 12
369 213 511 533 2366 27
44 108 1126 1219 12524 10
342 343 1140 1334 25967 25
309 203 481 586 4633 40
108 26 1287 1378 11372 17
170 328 991 1193 5952 27
271 377 579 1339 16901 32
2 257 126 307 11339 120
93 0 542 978 13358 46
1 265 843 962 25047 65
322 219 121 1242 12904 65
291 281 286 605 9241 68
50 116 154 733 1890 120
143 89 451 1354 23225 18
265 19 636 1040 10515 46
367 329 973 1096 17975 50
315 140 488 819 13733 18
280 80 70 163 20708 15
167 165 390 1065 14466 98
355 175 667 1206 15152 43
284 310 1397 1422 5287 6
261 213 411 746 18530 71
331 289 1214 1319 5923 21
142 365 1096 1393 7365 29
81 93 1325 1368 13193 6
162 377 822 1333 4058 46
162 52 444 987 3934 32
229 8 1178 1335 23920 11
116 194 985 1225 1990 23
316 370 1041 1286 11347 14
293 196 773 853 21834 2
373 355 1359 1397 17044 4
168 189 1366 1367 6349 0
177 156 933 953 3230 8
328 153 418 647 16645 89
383 222 1356 1381 12497 3
71 330 1373 1423 13786 9
237 280 640 661 14739 75
103 175 805 1245 3987 43
323 183 893 1269 15725 15
186 277 327 412 5728 82
273 280 699 1427 17482 3
393 59 1363 1440 17047 4
392 182 58 60 882 120
260 316 404 1034 4716 121
109 78 125 526 791 103
155 7 1434 1435 14009 1
169 214 928 963 6659 48
231 37 911 1182 4354 34