60
277 26 1000 1427 15923 14
56 320 540 1417 22580 77
238 254 483 1298 9895 65
309 227 15 1398 8211 38
270 41 1268 1289 24645 16
361 385 283 339 8509 75
178 117 59 877 12899 41
366 358 461 582 4244 84
200 373 1421 1433 8894 1
220 180 1057 1074 6155 16
92 253 1356 1359 117 5
363 78 959 1028 24882 33
391 247 1049 1431 13192 35
110 201 534 1358 21154 27
57 67 251 307 12557 69
373 34 680 712 6965 29
392 298 464 1255 20660 22
200 262 98 676 12531 21
74 357 260 1068 15706 5
326 191 1100 1249 24487 7
123 26 841 1028 10941 15
139 59 402 429 10361 90
355 84 743 1427 23041 28
145 0 956 1099 11657 31
29 87 381 471 22010 52
354 5 241 492 16038 14
302 321 440 1036 2291 99
290 150 527 977 11920 52
180 223 644 1043 14673 73
25 136 452 1359 27133 12
39 60 867 1114 13124 20
261 119 1216 1267 10249 12
25 28 829 1054 743 32
377 175 1301 1325 19892 13
39 267 1376 1439 5866 6
205 244 809 1240 745 36
21 194 526 580 2035 46
162 384 992 1057 13123 27
136 23 837 869 12536 6
227 98 795 1099 18350 50
1 6 386 411 3515 74
144 203 829 1367 17162 8
239 300 1322 1388 22918 3
281 196 162 299 22224 77
341 71 937 1101 11259 49
398 172 1112 1179 7038 5
115 174 334 487 13945 96
273 174 50 1281 6547 31
383 66 711 1003 20327 16
27 112 977 1410 22084 33
140 399 524 781 21284 61
132 181 612 923 7631 73
100 134 384 782 14277 33
247 163 488 993 20575 18
75 83 1042 1191 8525 5
173 378 963 1279 24227 39
4 349 956 1240 19471 47
383 176 22 602 16640 105
230 298 9 260 9297 73
260 140 1336 1406 27200 0