60
83 149 459 1067 17894 120
251 131 1412 1439 25099 9
184 250 326 817 23094 141
241 176 37 602 11544 122
150 229 480 941 15194 38
83 193 1155 1237 17527 33
1 340 365 395 16767 86
88 256 1428 1432 14163 4
316 286 485 1100 16281 264
176 271 201 1373 26295 55
70 219 1270 1273 19808 53
208 39 1440 1440 10242 1
88 252 711 1065 5985 10
66 97 967 1369 3232 37
288 241 501 714 8270 24
184 328 9 1117 12057 9
46 323 1398 1433 26702 3
77 185 514 756 9146 223
124 316 644 677 19508 227
334 88 1126 1353 12073 22
256 97 39 1062 1605 139
211 171 378 678 7760 4
285 207 88 892 24797 18
108 238 1437 1440 4105 4
88 396 204 864 25291 336
132 179 569 1179 24415 135
187 257 327 1320 13285 311
357 236 997 1233 24617 75
320 392 21 1223 10152 416
104 344 600 1231 7478 229
268 49 345 708 20633 65
131 66 1407 1420 24067 5
23 199 903 956 1193 92
123 173 475 704 17791 44
315 163 240 316 9788 294
57 332 577 855 602 164
27 54 1353 1440 11678 5
325 75 619 904 23859 179
56 113 707 1085 10379 244
289 327 363 1099 12421 112
137 218 1126 1337 15758 87
38 26 40 196 10301 199
252 263 982 1132 20626 152
327 375 90 527 17963 271
272 336 925 1012 18581 77
17 208 619 937 876 136
209 162 377 1114 16640 282
265 69 1398 1411 20980 6
218 84 1343 1438 11808 27
184 95 184 266 24808 192
67 321 1295 1309 19871 31
389 155 528 615 18395 28
341 217 169 1373 10596 304
285 3 1141 1296 18861 22
317 322 486 540 12010 44
333 136 1045 1317 13218 123
186 136 321 337 25376 186
162 399 124 1359 5161 297
371 44 232 661 8201 122
163 331 254 673 1773 82