25
327 353 1234 1314 2 11
23 139 241 998 148 41
364 293 760 1240 166 35
317 154 285 698 64 14
378 39 332 1296 81 75
347 19 820 1375 158 62
45 296 956 1144 173 23
287 195 1132 1221 127 9
97 41 129 630 62 71
90 294 48 1276 87 1
386 333 1108 1196 198 8
369 365 543 574 85 77
109 329 897 1134 156 31
293 116 1240 1302 129 7
49 320 345 985 111 73
3 225 886 1369 72 1
236 77 1181 1205 3 3
227 207 341 759 124 54
137 216 347 939 77 96
359 61 232 670 148 1
257 358 370 467 1 54
337 148 805 805 98 30
114 339 1381 1402 196 5
183 239 447 647 115 14
46 292 494 999 138 27