200
149 222 1248 1393 20468 91
55 361 122 403 15699 747
90 101 836 1372 18394 346
77 395 156 294 20987 929
351 181 1100 1220 4567 165
306 231 903 1176 19811 318
37 241 1210 1440 24808 33
115 228 865 1409 852 564
196 7 1089 1280 266 187
223 323 50 1028 5447 893
201 144 116 1174 25811 600
224 288 744 998 17939 8
234 180 1090 1216 23449 339
169 180 1268 1412 14104 153
323 213 1262 1292 21454 105
86 121 650 1115 13296 150
30 152 798 1068 12008 379
142 394 551 814 3727 751
249 84 997 1001 25657 442
216 164 172 269 20698 775
21 362 1004 1382 14785 66
202 323 513 693 23186 52
350 62 1044 1157 16915 293
316 92 1235 1280 8909 93
244 126 678 1158 14161 129
342 248 267 357 17677 474
101 337 252 925 11048 595
105 303 1184 1400 18641 5
14 314 682 994 12641 307
175 146 1007 1345 3824 63
249 283 1175 1429 23062 104
388 94 759 889 11647 409
88 324 807 1408 16402 206
189 97 623 1124 2951 371
92 373 799 1023 20621 602
255 16 518 543 15915 718
178 183 542 1190 24804 140
342 376 488 1378 26942 234
159 335 1245 1271 7549 67
271 73 152 189 9859 136
120 31 332 628 13943 848
209 170 411 1105 13965 328
345 61 621 1041 26431 662
123 183 38 148 19421 229
149 284 1311 1381 8471 71
253 252 904 1262 23780 258
358 269 39 1409 14868 242
79 321 233 850 21628 1080
352 196 246 344 24159 557
305 376 373 447 9474 823
132 50 1292 1371 19011 157
118 181 697 1296 132 700
127 398 1307 1435 23359 141
162 379 299 445 8969 695
36 159 1072 1373 21746 239
111 166 695 799 19225 382
335 179 10 788 16639 842
90 328 248 1088 2107 91
30 22 127 1071 24465 828
369 159 501 896 24264 534
96 184 1147 1422 22319 227
19 40 366 1171 23855 725
385 240 76 111 24719 784
183 71 153 643 3321 971
199 214 888 957 7187 34
88 241 322 1142 23767 1072
87 197 533 1346 17945 611
122 50 1174 1224 13710 70
70 78 1125 1141 5410 301
185 186 142 377 10798 184
23 116 724 1305 6087 368
228 154 465 759 17354 656
219 351 1144 1267 21361 268
45 158 91 399 15397 1302
27 71 1136 1366 18812 123
350 369 1018 1319 27059 276
205 159 212 761 8046 4
304 226 383 1227 18351 147
45 305 678 1107 25091 393
250 272 1207 1417 2137 226
392 290 1036 1076 4500 168
86 276 1432 1436 9397 1
41 234 1246 1288 11577 54
289 122 1036 1230 3284 342
85 206 136 1121 7015 142
388 126 329 1088 15356 4
146 13 635 1081 9241 45
163 136 1338 1395 226 42
383 170 232 981 26638 490
152 12 677 907 8529 573
102 41 764 1238 2151 621
233 392 1105 1420 8716 302
53 90 675 1095 13728 125
166 211 919 1042 17675 442
65 282 1213 1402 4177 206
327 29 488 915 3280 117
29 152 928 1237 21304 145
30 95 329 1255 2994 91
49 56 194 986 9945 667
249 292 337 521 15056 736
58 26 588 884 5304 798
5 33 76 291 7039 1359
42 129 141 1140 19416 868
39 230 203 1141 9846 443
82 1 560 1199 17043 713
108 195 34 512 26435 1291
60 59 661 1391 2753 566
149 269 532 849 25734 87
164 370 224 279 22583 542
44 107 896 910 1323 213
368 102 1223 1283 1766 86
179 3 531 1114 9358 74
260 181 1360 1364 26379 8
371 107 774 1134 10637 203
33 55 1152 1377 24506 232
337 314 1175 1218 4576 136
194 144 998 1196 3066 27
282 161 690 1394 25727 75
78 369 761 805 22601 292
299 363 1177 1178 5181 28
106 257 1244 1325 2521 61
54 81 372 1287 7912 397
205 313 854 1057 18487 18
68 23 1132 1147 24540 149
183 32 273 1066 13897 63
206 363 74 1101 6806 982
260 166 512 1089 14680 624
187 262 1121 1259 14181 215
167 314 1129 1435 23421 251
308 177 638 1302 27067 125
301 259 1291 1308 10554 150
2 256 995 1257 6543 376
354 115 30 1015 16697 678
130 2 534 1040 18238 833
183 298 992 1010 22767 108
332 108 72 927 14575 743
241 149 223 1081 26564 868
392 52 648 1153 14455 226
202 217 1186 1397 22651 127
345 42 1228 1313 2315 58
111 339 1119 1319 23877 245
70 120 135 1388 24391 906
49 137 258 914 10795 802
92 379 756 1247 19768 658
250 304 174 765 874 442
170 108 114 626 19949 491
84 219 818 851 10570 364
271 156 966 1144 10550 140
209 57 670 700 19138 434
376 80 258 1435 15563 942
386 230 491 805 24989 305
9 57 536 909 841 652
376 70 1060 1282 23355 153
123 249 510 597 23963 844
153 92 1264 1401 12880 165
52 176 776 1209 16727 32
343 244 1358 1366 1996 1
298 287 514 901 9948 475
192 110 255 608 6272 1184
199 4 1255 1356 17384 54
11 383 134 818 16426 1040
284 148 132 884 9175 1129
122 88 896 1153 20207 318
128 382 756 1126 1933 249
49 138 340 1018 20747 559
245 104 494 1404 4177 437
210 36 1118 1410 441 62
370 237 885 1333 2226 38
34 244 593 1419 25243 702
71 57 695 1030 3098 54
231 375 628 836 25577 211
257 152 487 1071 23690 242
86 42 680 1206 14130 83
8 355 1093 1136 17208 114
24 205 644 1272 20331 558
135 4 927 1071 17455 407
267 288 1276 1356 3363 88
172 175 1261 1439 23054 71
331 287 413 1393 24625 133
104 311 1321 1420 3744 26
142 151 820 1255 4208 597
157 153 412 613 22350 809
142 15 1271 1372 24292 67
102 116 624 665 23817 0
317 253 58 1019 22130 737
72 359 345 1084 11975 586
291 5 411 506 380 791
317 194 787 787 1325 44
187 51 215 888 2762 597
90 71 625 1203 14736 570
108 158 255 935 7788 60
266 147 190 1123 6730 564
112 3 1223 1252 25074 30
60 137 406 953 9568 143
320 247 484 852 23088 840
290 190 329 440 2830 306
104 141 476 986 25200 737
304 284 148 1377 7568 424
289 197 106 478 12236 365
353 79 233 369 24857 624