25
0 0 0 0 1 1
0 1 0 0 1 1
0 1 0 1 1 1
0 0 0 1440 1 1
200 200 0 0 1 1
200 201 0 1 1 1
200 201 0 10 1 1
200 200 0 1440 1 1
400 400 0 1440 1 100
400 400 0 1440 1 1000
400 400 0 1440 10 1000
400 400 1440 1440 27200 1440
10 10 10 100 10 11
20 21 20 220 21 221
30 31 30 31 31 31
90 90 990 1440 991 91
0 200 1000 1100 10 11
0 201 1000 1001 100 111
0 201 1000 1011 1000 111
0 200 1000 1440 10000 111
400 0 0 1440 1 100
400 0 0 1440 1 1000
400 0 0 1440 10 1000
400 0 0 1440 27200 1440
400 0 1440 1440 27200 1440