200
23 304 1314 1435 4563 125
372 218 1416 1431 5551 19
318 154 712 909 13300 240
119 114 638 1196 5893 598
122 387 97 847 25525 1139
28 319 64 957 14004 962
17 274 280 769 18735 205
70 24 1349 1354 16871 6
232 198 1397 1435 10562 18
271 106 48 470 7352 708
153 132 339 1153 6469 533
64 120 704 988 6809 212
58 99 1104 1214 12704 23
247 349 1217 1384 7566 197
350 172 142 333 22384 1072
204 281 1225 1409 19349 129
4 224 685 1025 1238 763
329 31 837 1118 6611 234
74 73 39 659 1068 1221
373 161 1105 1243 3493 150
394 196 787 866 24821 486
311 373 1369 1433 253 15
261 170 437 984 19883 90
317 243 790 857 19375 163
62 207 1006 1324 9024 428
21 120 431 741 2450 212
134 142 905 1105 21504 357
263 202 6 374 21869 1275
181 268 1195 1407 11944 220
271 273 665 1302 5895 499
305 294 1149 1167 9112 256
153 167 170 980 9872 453
109 15 939 1184 686 177
39 121 503 519 1925 907
237 182 714 731 2995 200
213 35 692 1059 24228 102
341 293 607 742 4398 311
216 205 853 951 18363 234
272 362 307 923 6081 363
210 147 689 805 26567 185
204 337 359 1267 17002 438
381 70 660 1434 16874 372
115 117 536 678 10656 107
398 375 1334 1360 18687 38
113 210 1163 1359 1286 170
279 178 786 1144 3397 418
233 268 786 1316 18359 6
157 84 1256 1306 13468 49
120 252 1215 1243 11341 128
221 381 1097 1271 14514 167
276 186 599 996 13374 159
154 72 1185 1304 1078 131
243 118 1209 1301 13561 100
223 120 891 1105 1723 292
32 173 1417 1434 4417 3
294 72 778 897 7667 284
394 149 760 797 10136 19
23 256 1261 1419 21980 174
228 50 719 1110 23057 191
226 370 830 1056 18798 501
84 195 587 1397 1083 863
281 220 171 1086 20031 100
356 144 1032 1198 16848 89
173 86 782 830 13085 200
156 49 1135 1140 25273 17
248 333 882 916 10652 186
142 259 612 1232 6813 24
42 229 1324 1360 10499 4
389 239 879 1345 4530 316
191 217 407 805 14397 676
51 382 1221 1417 24012 92
137 66 337 1076 25313 528
126 308 648 1387 5013 160
132 71 115 1417 13891 516
113 109 11 1159 16350 805
149 66 1310 1313 10016 50
171 38 1117 1188 5042 55
89 52 539 598 6451 209
379 388 519 1141 1409 346
118 106 1148 1167 22491 300
33 225 895 1086 20057 549
283 72 740 815 16681 421
280 212 1152 1230 9525 73
40 154 110 1100 26571 496
355 219 1423 1439 12201 4
297 28 1084 1171 24836 62
284 128 180 1167 15937 709
62 101 176 407 3574 254
227 321 1361 1423 12393 17
123 276 881 1213 11463 164
167 221 579 816 10530 52
55 30 94 1285 3817 1282
50 345 817 846 1383 496
163 305 61 621 8786 990
315 14 1100 1105 5935 219
368 209 1183 1196 4547 25
36 3 1090 1406 6445 267
383 31 750 1125 12216 147
282 191 1178 1329 17049 216
379 355 1057 1439 18234 82
107 112 516 607 6223 845
242 232 824 1251 16891 547
337 296 19 1188 22962 1109
258 57 435 1269 20756 156
172 133 741 1349 6700 17
27 360 838 1181 18796 391
206 14 43 675 16323 149
99 388 729 1009 1922 407
309 61 397 457 18675 903
361 28 780 1426 22617 440
179 52 156 560 10231 977
161 101 261 783 12114 127
131 133 101 560 24790 223
166 212 135 323 4220 1000
58 148 1053 1285 5445 260
33 313 905 1161 10930 73
191 12 513 659 24466 878
152 234 1295 1384 11646 126
109 40 1405 1414 26947 37
159 87 292 620 17505 696
48 154 1313 1364 12218 121
79 194 407 1228 8375 104
23 252 1038 1376 3149 43
1 192 1078 1407 10608 260
227 182 114 600 9537 117
41 37 880 1387 17271 262
374 307 101 1140 22232 96
316 279 599 946 3296 531
231 98 1016 1078 15470 228
57 292 645 969 13472 764
23 33 1165 1166 13022 223
377 305 763 1323 9789 669
321 86 1194 1253 25628 246
229 95 713 763 13583 504
211 164 768 1318 19276 567
153 219 871 1097 19987 270
287 160 777 975 3878 489
265 165 77 346 20767 1297
391 180 520 1081 15491 779
205 14 380 563 21000 537
203 14 552 1107 8025 446
330 148 1263 1393 22354 2
78 239 1023 1160 8620 86
275 201 1409 1420 9273 6
309 359 892 1268 12559 274
294 30 370 785 7511 383
245 291 272 366 11940 761
377 215 886 1391 2345 184
340 396 456 1082 13787 588
386 44 858 890 15695 288
263 298 825 1392 16019 231
355 100 514 788 792 96
256 222 592 1182 13193 210
328 257 381 868 11222 748
90 235 528 964 16771 331
10 215 1265 1364 17107 76
383 11 1410 1432 22976 0
178 51 12 1241 11412 968
290 314 230 685 8792 238
202 387 191 598 7620 632
176 361 1010 1237 9432 303
152 254 1255 1411 6203 187
375 96 641 749 350 189
26 309 1319 1371 741 96
273 29 664 1008 16409 449
67 62 232 993 1039 1163
58 78 154 254 6658 724
82 400 721 1312 9374 217
120 190 672 1069 24597 287
386 300 1103 1210 395 289
172 204 396 529 14411 690
100 369 142 590 24364 366
140 2 258 1170 10453 749
212 37 175 1317 1019 613
165 129 784 943 15300 352
296 271 63 506 25232 714
105 206 586 1157 10530 228
298 230 481 1411 4005 781
33 379 1374 1408 10417 23
39 253 1057 1227 13122 274
157 335 1180 1411 17352 128
116 261 27 1171 23627 284
345 185 1123 1194 21950 300
369 95 394 921 25074 321
330 377 906 1154 21091 159
36 342 1121 1249 14479 156
290 236 566 637 11659 408
204 396 153 285 8589 886
244 387 741 1122 4219 141
297 218 129 1071 16739 160
200 321 820 1039 18380 390
97 269 769 1145 21885 479
356 264 146 273 7823 1110
287 363 379 556 11358 557
227 15 570 716 23009 444
198 271 215 1187 23078 566
331 34 832 1260 7186 69
12 241 634 1230 3209 275
269 347 98 304 17724 280
378 354 858 1117 14694 115