175
173 75 989 1133 13579 385
56 38 990 1139 13701 184
229 190 875 1298 16890 503
183 261 1183 1228 433 89
368 82 898 1199 620 421
158 262 393 1124 8531 779
229 157 882 1228 9053 463
76 163 1057 1234 9673 376
213 233 954 1034 10659 188
122 158 86 487 11355 552
130 143 76 730 18740 744
282 54 1083 1092 3739 1
319 171 1180 1183 145 2
218 236 379 379 1005 1
398 330 901 1097 26367 377
135 138 980 1166 9758 332
309 300 187 682 23786 580
86 378 485 816 22428 917
83 271 1131 1184 4801 153
360 76 788 878 13955 464
180 400 1206 1234 14900 79
168 190 1264 1274 1408 6
246 394 672 1092 13804 489
175 398 1269 1270 11065 1
97 57 185 328 9907 241
285 105 560 1295 3000 840
153 8 368 1028 25629 1065
250 192 97 725 9610 828
254 11 26 798 6385 1025
134 330 32 242 25084 612
181 396 635 1212 9396 577
198 40 160 421 19530 551
139 281 398 555 13426 900
226 271 490 494 115 4
216 210 1397 1398 27117 9
340 298 654 754 9569 597
225 191 1316 1316 8838 1
29 342 141 1189 16205 1238
172 243 770 1342 12122 581
135 130 371 570 8515 444
84 32 315 323 15153 1081
278 350 508 761 12725 562
105 51 390 712 16765 995
28 365 187 808 10373 875
370 57 971 971 12659 1
240 203 1073 1079 5445 6
139 121 355 1187 2290 974
333 84 76 1119 24714 1351
326 23 760 1129 19982 501
128 249 877 900 9812 87
1 212 316 354 25938 238
255 324 243 674 19081 568
171 164 1350 1359 15771 38
38 96 1027 1027 7773 1
376 225 1123 1243 14001 234
381 41 1144 1149 2284 3
315 170 973 1172 5857 302
229 133 628 1120 10961 702
144 361 907 1205 22280 390
64 277 856 1208 24649 429
361 204 211 1268 7214 1169
114 254 554 1007 14682 841
268 56 1158 1163 4486 2
98 134 517 1170 9819 710
162 192 1305 1306 4568 1
229 189 1325 1333 2576 1
74 286 772 1147 5978 523
359 202 1024 1064 25417 395
46 359 102 258 7577 788
151 167 1048 1059 24954 79
361 198 1284 1295 6042 1
367 95 366 1112 9337 995
302 62 517 841 24017 513
49 100 590 999 20887 598
354 206 1304 1322 1540 14
233 198 1103 1112 477 2
243 189 460 955 18125 630
268 266 880 1042 5723 279
213 336 735 1019 399 671
173 139 101 1212 4296 1178
162 218 1205 1300 11933 132
329 360 391 1134 21096 807
274 241 779 1067 21918 308
259 5 887 898 3707 4
311 370 798 1072 14167 568
107 331 1006 1031 24248 431
54 102 1108 1128 1076 10
292 61 3 413 705 1363
319 159 1234 1238 3829 4
320 181 734 1053 26547 464
212 150 555 921 14916 571
383 93 491 662 438 354
161 194 1237 1247 6042 6
158 86 1061 1266 7433 347
277 53 1114 1131 8336 18
176 399 1253 1256 4484 4
41 297 1010 1093 5497 110
188 117 218 467 4441 644
83 318 464 856 1900 606
278 27 946 998 3759 426
397 60 1027 1039 12 8
360 198 1346 1349 632 2
269 247 81 1119 24619 1212
224 146 970 970 8829 1
112 29 651 873 18451 431
296 166 161 1082 17219 1257
296 92 117 225 4031 1309
273 61 1210 1213 6146 180
389 376 327 880 5571 771
96 212 674 929 22790 691
391 334 1182 1185 3055 4
80 283 1201 1202 2049 2
102 237 832 1285 19473 508
210 132 994 994 4413 1
239 289 1269 1278 13914 134
398 329 1213 1216 10905 2
387 28 953 965 162 3
74 206 334 581 6333 876
212 254 602 617 271 4
317 164 1215 1218 2883 2
153 296 121 421 25231 1311
127 324 91 1288 14849 1259
373 238 1014 1041 21387 120
150 90 297 853 12157 1025
200 300 766 900 5970 310
362 48 1025 1076 516 11
209 279 217 433 11411 561
178 400 1238 1244 351 6
82 282 1169 1181 3488 13
289 216 509 960 21950 685
66 88 801 949 3461 446
253 6 1284 1286 1119 2
234 205 299 1064 5788 864
167 287 676 704 15415 49
222 251 149 267 391 606
236 197 1129 1134 866 5
192 370 161 1121 2841 983
59 53 501 556 1124 442
110 246 910 1291 12427 519
389 322 1129 1131 13407 3
193 287 406 695 16743 389
274 255 616 808 3495 381
234 191 1341 1351 6476 3
166 240 535 633 11659 269
146 213 1131 1378 19681 268
203 125 1048 1048 2674 1
252 10 1325 1326 429 1
113 187 908 1268 24342 480
248 260 267 741 18553 810
159 200 168 1226 11018 1168
81 291 1237 1238 1441 1
185 26 482 888 9502 673
181 280 1001 1356 9979 384
31 83 483 679 24920 657
42 105 1062 1080 13038 17
201 57 591 653 22306 588
109 6 632 969 9682 589
285 58 713 1073 15561 490
131 218 921 1155 17026 258
352 11 220 677 17088 1039
258 342 83 1242 3705 1340
332 40 476 487 3047 311
230 112 582 1150 668 623
382 334 595 743 8461 383
248 12 1124 1237 5897 236
95 191 987 1029 1621 199
370 36 739 793 17410 48
250 8 1260 1261 5349 1
263 13 947 970 2401 5
187 2 735 1166 21854 571
265 43 415 512 6342 808
248 83 619 1056 12036 717
391 211 264 1195 7691 1031
29 254 471 556 10479 612
203 135 860 958 12047 98
