20
316 303 353 662 19341 477
69 108 206 376 244 704
317 310 687 702 8168 5
212 364 1214 1217 1625 3
215 377 1147 1148 3551 2
208 45 137 737 12539 856
316 394 544 1203 9207 746
198 57 422 622 11738 396
196 174 592 1348 3647 801
259 348 297 650 15104 427
200 362 874 1023 10912 413
42 97 279 491 9047 710
175 277 945 1246 980 422
325 178 149 1282 18444 1284
136 52 764 967 2190 268
391 219 985 1077 15915 203
110 263 490 1254 1619 776
310 308 746 746 2572 1
316 318 784 788 9601 3
368 293 112 384 7330 1068
