60
209 378 239 850 11407 952
45 372 949 1136 22433 208
26 49 9 762 21517 1323
319 310 240 821 21364 705
210 197 1256 1414 19899 166
220 399 326 1187 11469 896
215 85 71 602 6988 653
213 76 686 688 1212 2
322 78 273 855 21613 1051
95 266 928 1202 15897 448
352 91 1080 1082 6389 3
350 63 46 396 15026 1125
353 171 628 781 11327 458
331 86 1155 1188 7997 27
128 119 592 1159 5145 647
202 346 372 1076 6083 770
238 139 857 1239 11030 388
262 228 628 1288 22104 671
127 207 703 972 1868 520
213 83 652 662 1072 8
257 185 872 890 4475 9
290 202 477 1023 9182 862
288 237 518 1082 1295 668
181 15 645 1074 13881 675
289 127 49 66 19141 530
117 89 734 1204 23560 531
225 236 280 481 26239 907
140 44 332 1214 3858 1038
47 230 415 977 25915 748
237 225 1112 1214 26154 253
239 203 1273 1313 26489 72
254 380 1045 1093 5215 195
382 80 754 994 3261 302
225 296 1254 1338 26895 156
151 173 672 1058 20506 548
316 86 931 971 8227 7
299 151 309 522 23398 705
194 351 1105 1105 1098 1
158 120 662 1216 21988 709
267 195 252 509 7248 1154
384 64 700 1021 4419 587
217 97 624 997 723 537
190 36 974 1268 586 349
203 91 139 721 24103 1283
362 67 116 812 7890 1262
229 302 731 984 2297 435
286 198 750 765 3974 5
12 212 1192 1217 14757 81
215 79 627 627 5704 1
345 116 1052 1124 15233 118
376 248 679 908 611 685
309 272 282 1133 12058 870
198 350 1086 1087 5580 1
124 318 740 1274 14236 617
8 372 267 425 4377 545
164 9 26 989 23301 1281
194 186 510 686 22130 356
354 285 1100 1233 6404 278
177 299 583 719 20925 190
193 353 1118 1118 405 1
