40
179 222 1340 1343 5317 3
180 89 567 1195 121 730
49 23 1057 1186 22562 137
255 40 932 1023 11709 461
65 228 476 1199 4558 807
258 345 7 211 20429 1330
187 231 368 1296 17325 970
39 377 492 499 2530 3
196 187 792 866 1368 57
62 45 850 1178 14543 373
123 42 829 1179 8103 437
134 217 1070 1323 5781 334
205 365 846 1111 10457 442
339 121 992 1002 22128 382
274 244 710 753 333 4
191 264 232 496 7224 1142
198 201 709 711 3749 1
38 384 13 441 4728 556
169 215 1052 1073 3107 12
232 290 349 537 1614 1090
177 224 1189 1321 14232 183
177 219 1351 1352 487 2
382 26 271 851 18585 656
247 248 885 950 503 42
42 383 529 531 2328 3
152 109 967 1143 24590 258
46 176 835 946 18246 430
33 348 997 1013 24354 397
171 149 400 1054 10311 950
370 242 270 535 21006 654
298 249 381 417 26314 868
388 330 388 734 6475 1049
210 225 994 1127 9211 440
157 136 613 768 10419 341
179 223 1329 1332 9428 3
121 174 986 1137 1689 245
247 245 557 567 6145 9
12 251 320 386 6000 1085
229 205 272 483 5981 847
270 119 683 914 25275 607
