200
288 196 112 1160 12260 1313
62 336 181 754 13160 924
262 224 637 695 4637 239
341 26 195 309 15822 189
193 212 1287 1380 8208 107
43 283 999 1239 18359 348
1 373 1028 1030 6814 1
140 103 1287 1303 188 5
326 210 167 596 13101 632
302 220 851 1287 3303 456
62 238 1162 1168 3807 7
179 185 1279 1295 26992 148
386 156 302 405 18254 915
319 382 1018 1021 1742 2
339 265 420 857 3764 628
293 29 752 1023 8142 456
166 226 706 1113 9027 506
183 51 424 668 9563 659
391 93 785 892 1076 346
118 168 760 1078 4299 633
303 142 1247 1253 157 5
284 99 609 1140 26159 691
157 147 238 403 4014 322
351 73 323 731 16157 744
116 55 792 877 23628 454
134 107 235 1194 497 1202
320 144 645 1150 2378 551
185 111 741 741 7623 1
254 239 1075 1301 20136 334
356 179 1075 1129 6144 171
379 300 626 764 18320 806
327 275 477 561 3827 234
291 323 434 1282 20625 954
39 131 1065 1065 2412 1
255 321 550 551 3177 1
272 235 428 1199 24502 966
261 312 34 470 22736 1107
196 275 956 964 678 9
66 264 1001 1011 1551 3
57 61 1150 1164 262 14
318 305 422 1232 22156 924
114 394 1185 1206 16828 76
8 273 15 900 24687 1094
100 307 280 669 5420 757
321 387 168 1003 1062 911
240 336 625 636 10155 1
188 97 811 821 3589 1
309 60 1198 1200 3353 2
175 93 748 833 2618 96
319 380 1031 1039 84 3
70 120 448 760 24937 629
25 191 1297 1302 2196 1
326 3 1329 1329 14169 1
169 32 142 924 15394 1218
196 274 975 977 9573 3
198 176 408 696 927 631
301 46 898 1114 22932 363
99 263 886 945 9913 52
122 28 1160 1212 18638 246
0 231 8 79 10043 169
308 145 1224 1225 4121 1
85 81 854 904 9989 239
193 283 422 550 21395 423
318 22 1172 1175 1001 1
5 223 139 150 6872 2
179 158 508 1337 12056 926
190 103 505 1234 3791 906
147 58 880 906 16072 239
93 17 883 1064 23928 240
28 186 1341 1342 713 2
229 202 469 1333 14718 870
302 53 1133 1145 9041 2
245 147 539 1137 17353 753
259 149 1152 1253 22348 119
142 312 811 1071 22143 449
72 82 942 1045 21406 448
288 216 1130 1186 20508 67
75 372 1120 1138 9002 80
255 193 354 1131 7959 1044
146 107 1059 1319 11755 352
387 51 160 969 24948 1030
256 275 874 952 6059 194
93 106 648 742 9713 655
244 287 308 1212 16158 977
32 132 1021 1022 396 2
76 36 720 749 13011 4
211 113 1247 1331 20638 94
117 394 927 941 4730 497
230 192 1299 1353 7477 73
64 49 915 943 845 21
245 362 511 654 17554 787
253 143 303 1204 3763 1095
358 191 1069 1131 3791 273
202 278 639 935 9396 361
157 312 421 1081 11109 732
303 58 1182 1183 11538 1
227 148 130 493 19391 469
28 119 1155 1155 3502 119
3 362 563 926 26130 723
192 107 787 788 1088 1
45 339 195 860 3680 698
162 171 361 429 2183 329
266 238 1328 1339 13484 11
292 99 317 577 19110 431
5 383 1126 1145 10061 8
121 363 15 246 6099 1025
191 341 647 681 4624 217
207 342 998 1208 27089 328
188 18 530 1028 19823 834
183 209 328 457 6427 646
294 340 1020 1212 16070 378
164 149 1033 1333 7022 363
189 58 423 1104 24863 1010
83 247 480 1119 21582 938
335 97 744 1177 14278 462
78 52 242 682 4266 751
268 12 1086 1227 9879 316
34 136 1033 1043 1730 7
381 347 324 759 18057 581
274 295 985 1266 3316 353
155 69 1077 1133 26614 146
58 72 1212 1229 2160 12
84 286 999 1039 21709 407
223 342 680 695 383 5
221 272 607 740 12005 541
56 9 165 692 14055 872
327 241 398 752 13964 900
371 48 608 910 4402 434
136 365 558 776 11561 494
209 343 60 983 16871 961
138 110 1242 1252 1271 10
311 145 1015 1219 5209 256
212 131 543 560 4224 105
268 228 1270 1288 3160 14
133 265 8 149 10066 777
330 4 1236 1252 9007 11
170 145 19 984 26398 1061
153 203 475 517 17675 352
37 144 1091 1120 5396 111
340 51 219 749 26431 1032
330 197 777 1005 4093 649
10 384 1085 1094 7428 4
36 130 942 1002 3538 148
23 162 1063 1244 11781 183
276 217 29 520 6230 844
144 5 14 650 15859 1163
252 78 518 1256 6615 867
320 311 712 920 15142 429
137 86 699 1184 13618 623
306 145 1242 1243 1931 1
8 383 962 970 23303 264
399 127 743 990 21937 309
3 30 220 393 15568 919
57 281 1156 1200 15164 73
2 8 942 1099 17573 482
188 298 849 1260 21746 451
69 72 1183 1183 927 11
199 277 941 946 145 6
86 167 645 1131 5758 744
195 194 903 1073 20544 334
334 3 101 1098 23177 1315
250 104 635 1249 6157 746
150 128 284 1018 6767 849
232 86 545 1072 2090 662
188 334 604 1296 9447 765
209 297 969 1078 11143 403
257 223 1239 1240 8858 2
161 18 50 543 2070 1134
217 199 1060 1309 20036 339
115 320 361 617 16484 937
40 318 803 1123 5797 524
191 112 553 718 11300 320
213 31 358 1154 11870 860
18 188 782 1247 17111 600
321 382 1057 1057 236 1
55 78 1101 1112 10144 7
79 23 824 853 1199 8
246 277 43 333 22531 895
137 295 632 1202 9986 654
125 80 45 1111 24727 1157
160 240 122 487 5713 925
146 93 1354 1356 38 2
99 341 524 1030 16568 509
164 302 841 1106 8522 576
29 306 378 723 4581 552
114 139 700 1057 8670 671
56 394 40 525 25128 711
272 309 321 483 12715 482
30 8 504 1033 6919 810
70 174 224 671 21173 1102
99 104 595 842 21514 274
95 271 589 822 14271 732
393 311 856 1118 19399 548
7 229 96 99 2995 4
50 63 831 1070 11566 472
81 131 341 904 24766 838
1 224 117 117 1176 1
198 380 105 1103 21974 1015
215 118 311 1069 6965 1022
268 339 887 1127 26452 261
