25
133 146 513 1007 16779 620
64 145 330 1181 1490 995
127 347 1188 1214 2391 55
400 2 548 996 2785 744
25 152 322 960 21503 886
322 175 249 399 12094 1046
315 325 1192 1204 24116 79
196 268 1052 1232 17832 343
286 197 1100 1139 25522 159
124 38 748 1156 19997 490
226 34 1242 1242 6228 1
193 37 262 1255 26502 1007
165 15 1186 1188 9847 109
213 110 838 1108 7149 473
317 98 774 1102 26382 614
327 40 1262 1266 14815 3
339 8 590 853 15862 824
273 307 986 1219 9763 416
106 344 336 1259 10292 999
373 88 1000 1177 22071 185
224 29 131 1204 22251 1141
349 7 912 948 1337 29
356 38 1111 1124 710 6
90 64 101 845 50 884
225 33 1230 1232 1073 3
