50
289 88 563 653 14949 640
377 146 307 1074 18136 822
202 300 943 1160 20322 236
100 355 77 743 21357 1278
394 207 119 576 19571 1252
375 142 1095 1096 2986 1
95 25 502 502 1883 1
53 155 788 1138 182 424
184 128 163 1124 2887 1183
199 255 589 1245 15086 760
397 210 232 888 24560 1006
189 84 178 799 11329 1118
267 202 1171 1355 6261 241
278 76 489 717 26208 290
191 335 180 1231 4868 1198
329 255 137 449 19746 823
292 96 1275 1276 9315 29
278 77 725 729 11415 5
205 336 822 932 12297 480
214 348 938 1001 4874 489
276 73 747 747 6216 1
252 80 1110 1257 4660 186
142 37 783 785 456 1
63 62 966 1114 7928 380
140 395 847 853 17318 4
129 6 630 654 197 19
334 337 473 556 4320 471
271 351 1148 1163 16920 180
82 292 671 995 7587 378
334 254 294 967 12458 1026
319 331 89 168 11392 1236
193 18 918 1074 17946 243
312 234 338 1208 23393 918
91 345 271 382 7004 883
276 70 762 762 9577 1
372 141 1108 1110 2286 2
203 59 651 860 2229 263
42 214 821 882 10317 420
238 335 1006 1031 22798 54
111 362 1023 1046 2250 22
149 86 368 432 20297 911
163 389 641 657 17887 373
104 333 1179 1196 2789 7
137 352 929 1257 16085 400
250 117 811 976 20848 222
153 29 1234 1255 24515 68
140 118 245 305 2166 62
121 15 260 455 1536 662
18 350 439 1187 7983 892
28 46 412 447 23030 338
