150
95 297 400 943 20540 631
105 339 142 812 18064 929
227 33 132 333 26848 593
176 398 1078 1083 710 1
277 27 314 978 3472 1045
371 295 968 971 10679 1
173 94 398 1228 25006 1006
114 243 717 835 627 286
323 86 980 1159 8321 182
282 10 1011 1077 17510 281
369 299 537 600 20267 400
89 283 379 747 8556 625
234 384 655 665 173 10
281 77 629 703 203 54
220 99 480 480 15990 786
334 336 668 676 10785 85
202 285 710 721 5052 6
197 378 1309 1331 8536 5
268 49 753 1167 15271 552
111 31 388 1159 22492 1015
38 147 1231 1237 13926 7
363 75 167 285 7007 1150
272 6 1210 1216 752 7
290 382 1159 1159 2274 1
156 112 426 1295 18727 979
167 114 1153 1165 3850 151
161 52 894 1122 18505 500
202 136 416 1371 19821 962
44 137 869 1129 18878 490
123 166 1326 1327 6142 27
316 294 566 1215 3412 785
374 146 563 1133 7676 723
237 390 623 980 3174 512
379 319 106 978 26736 1171
246 26 382 397 14357 16
392 377 502 942 25246 533
320 4 903 1197 24637 384
346 291 896 928 15103 496
361 111 359 435 22013 695
218 135 885 1289 14471 464
191 370 1374 1375 4632 2
46 47 829 930 20571 331
31 149 1155 1164 3824 7
191 376 642 999 20055 764
195 376 100 631 9534 1277
66 32 520 828 12213 647
32 155 630 983 20885 649
268 30 1164 1164 460 1
200 347 1210 1210 2994 1
72 325 858 1173 8626 389
161 137 638 824 11100 394
159 44 488 878 2489 926
9 284 1018 1209 3099 205
260 360 553 553 14838 1
208 369 1194 1243 12231 239
103 76 372 777 1927 977
367 266 901 918 689 8
173 201 116 501 14976 428
213 279 681 683 10237 3
181 294 182 247 22337 1014
41 399 620 662 7960 780
246 16 564 578 3554 10
206 39 851 968 15150 119
390 275 852 859 732 2
293 318 342 762 10035 672
290 383 1141 1145 8363 4
285 109 463 476 3828 8
354 280 448 830 20604 805
331 335 683 687 6819 5
78 62 989 992 6 3
182 21 353 508 12327 1057
295 294 669 856 25068 609
378 192 489 1018 4650 580
189 342 946 1115 22019 311
329 336 700 706 4006 5
128 366 128 355 12393 1152
102 381 611 728 17578 217
145 232 654 938 23336 772
169 395 1147 1161 5350 13
265 338 791 1119 6857 546
274 146 435 842 15855 756
273 184 311 410 23187 557
243 146 905 1336 91 449
190 237 1115 1182 12951 200
89 385 760 1116 8646 641
158 116 532 1052 23480 795
280 277 656 1042 15541 398
374 267 815 881 416 246
70 307 678 789 8012 201
88 280 1116 1146 4033 12
327 336 730 730 960 1
196 350 1144 1146 16040 1
369 250 1012 1014 32 1
148 141 781 999 15756 441
170 385 1280 1293 14995 2
78 209 1208 1310 18725 121
50 130 1298 1299 2128 1
121 383 400 1212 15608 1015
291 381 1167 1167 111 1
190 138 386 1115 23329 988
390 285 580 776 4130 312
60 41 1076 1080 43 1
210 280 306 644 18667 503
144 176 857 1033 112 459
294 106 928 1019 20809 203
288 54 686 1204 14180 697
275 115 1054 1059 3976 1
65 40 898 903 13164 4
34 244 423 1159 6819 925
367 39 811 872 13762 536
262 369 487 497 11284 5
364 90 275 984 17314 795
45 272 236 935 11192 896
31 55 976 980 2957 5
75 278 1274 1279 2602 4
342 201 493 1171 18376 680
372 252 971 971 695 1
44 388 252 378 11590 177
120 267 995 1017 17701 7
64 132 21 956 12500 1134
167 271 1001 1259 6711 333
210 290 746 755 4378 6
212 371 96 1000 3933 1030
301 193 90 375 14196 957
83 122 506 675 15235 800
315 254 62 1288 25903 1237
176 94 533 1126 164 658
54 306 137 1257 17840 1236
105 389 206 331 12985 474
300 67 138 641 1258 751
224 194 1084 1278 1178 349
28 47 1026 1027 18122 2
203 343 1162 1175 3985 2
290 186 1336 1341 2547 5
322 257 639 880 4543 551
370 167 262 774 20060 793
356 13 1042 1044 4842 129
153 176 264 1280 1710 1019
290 384 607 1136 9748 586
29 30 1083 1085 492 3
282 367 215 422 25295 534
75 164 1288 1306 6153 79
200 374 1273 1279 63 6
252 11 477 487 9937 4
355 299 1043 1055 3780 10
277 264 755 1185 24652 435
163 105 266 869 12347 1171
385 290 646 803 14191 504
197 215 1422 1422 13574 14
354 257 316 946 12072 795
