50
360 360 10 200 27200 1200
10 11 7 784 739 25
9 9 0 937 720 23
8 3 6 1113 699 2
2 16 0 1264 717 140
19 3 0 425 548 32
18 1 7 231 650 68
14 8 2 1131 639 71
3 2 5 994 619 217
18 2 5 192 691 186
2 14 1 748 667 237
13 16 5 652 729 196
11 11 4 983 590 145
16 17 7 619 589 236
13 14 8 1290 617 166
7 8 4 1280 682 22
17 6 9 662 676 180
2 6 2 556 717 27
6 0 4 225 555 110
2 16 5 1366 700 89
9 7 3 613 740 153
2 3 8 721 704 133
4 19 8 47 612 145
10 4 8 1329 680 47
4 0 8 925 718 54
6 11 8 780 685 100
1 0 3 24 591 100
0 1 2 1189 627 271
4 10 6 926 718 120
0 17 1 743 617 135
14 6 0 58 711 157
8 10 8 352 661 279
13 10 4 774 635 263
4 4 5 727 764 141
15 2 1 1327 753 122
7 19 6 326 578 47
9 5 1 410 611 161
15 0 9 841 591 259
16 10 7 227 599 133
12 8 8 809 660 179
0 2 9 829 774 190
16 17 1 927 777 15
3 10 9 668 712 225
7 1 5 555 730 202
13 16 7 353 628 235
2 16 9 642 762 34
6 3 0 229 678 223
17 15 5 1352 711 157
5 3 2 486 578 136
0 8 7 355 778 192