23
47 66 2 1385 26302 1023
138 339 4 1372 25232 1194
32 101 7 1361 15634 1195
311 241 9 1350 24592 1010
79 254 4 1375 3687 1037
227 187 0 1382 8513 1049
372 63 2 1376 4780 1183
387 14 8 1368 19513 1194
173 320 5 1377 21561 1147
313 144 6 1377 10615 1040
332 32 3 1371 2318 1123
336 306 9 1356 15096 1108
34 41 6 1372 14585 1069
359 25 3 1353 4413 1066
132 308 9 1381 12084 1074
221 328 6 1368 8928 1154
387 223 9 1359 26467 1115
99 103 2 1365 768 1053
235 185 4 1350 25152 1000
303 308 2 1351 20018 1158
51 79 2 1380 23756 1042
149 217 0 1359 15341 1076
164 359 8 1379 7104 1103