53
244 192 346 581 27067 0
67 308 133 558 15634 1
243 244 306 568 15661 11
91 266 336 537 7456 10
188 399 329 505 21423 21
329 341 208 588 20701 3
196 173 225 501 14214 21
25 180 280 566 10048 15
65 347 347 537 717 7
105 131 354 559 26345 19
382 394 411 560 25738 0
115 220 135 518 23658 4
346 352 43 527 1156 21
209 55 452 554 12034 17
71 167 483 572 8793 2
263 324 292 578 3835 12
95 125 141 535 26857 12
18 213 498 597 23997 5
294 291 390 531 25377 22
61 166 209 540 3123 13
149 325 370 551 18674 25
367 21 95 586 21819 20
384 66 206 525 8531 20
93 213 244 588 26349 4
345 315 390 575 2737 13
390 297 248 558 15213 14
66 186 105 591 12876 4
297 288 329 577 14289 7
154 115 65 566 20125 11
36 328 133 566 15909 24
361 120 395 571 3120 5
48 340 59 549 26651 15
291 262 161 552 26600 16
28 259 291 556 17720 8
370 128 409 561 2930 4
339 238 52 502 23608 17
184 80 455 553 12375 13
264 356 251 553 26494 20
86 313 123 511 12652 11
383 353 469 570 24448 18
269 147 19 513 20215 23
236 180 165 513 18607 12
219 264 255 538 22695 5
195 235 99 547 2822 20
313 97 436 556 6575 10
196 48 76 505 9330 2
52 343 381 568 22869 18
348 158 392 572 17695 9
320 336 367 596 25499 12
308 140 345 595 17713 23
209 0 482 585 3506 21
37 167 3 548 13085 6
397 271 74 549 9494 11