58
267 134 370 510 15993 339
270 244 1090 1385 9463 143
277 161 339 579 24093 74
371 233 1083 1264 17517 109
355 253 88 568 11138 276
67 10 1114 1375 20773 285
344 97 326 584 11647 256
60 275 1132 1211 8291 259
386 51 65 542 24942 98
351 224 1022 1247 24592 0
281 38 421 581 16457 303
154 195 1058 1355 14400 120
105 383 85 541 375 190
201 333 1185 1234 334 166
217 78 364 502 2912 378
56 59 1091 1278 15765 266
371 363 242 509 17820 70
63 114 1081 1321 21105 168
333 153 328 542 4510 312
258 329 1031 1241 8894 113
372 0 367 576 18328 142
112 329 1072 1215 15669 169
51 188 472 514 25106 93
13 382 1084 1211 6863 157
222 109 368 525 20407 333
284 78 1016 1362 20232 40
43 359 78 594 22162 81
178 290 1113 1348 21058 146
153 140 72 505 2906 353
91 307 1096 1401 14001 131
26 333 50 513 12704 285
68 215 1195 1394 24846 184
98 5 32 514 12113 198
283 211 1150 1230 8507 322
114 69 84 526 24680 304
294 53 1184 1211 19228 363
72 231 8 529 13504 243
205 9 1050 1247 7045 95
164 228 309 550 7832 334
9 370 1108 1248 13083 117
325 76 26 532 7472 125
17 15 1059 1293 20467 77
362 282 391 573 24279 301
150 13 1129 1290 26167 80
179 326 203 586 17577 361
185 114 1052 1365 2504 99
196 393 266 524 15209 75
67 293 1015 1283 7083 13
236 5 423 508 16713 367
287 26 1129 1251 5783 156
163 293 347 576 4095 29
364 73 1010 1300 18270 11
66 345 274 522 13034 347
183 136 1104 1227 20757 259
85 198 172 501 18696 94
168 306 1136 1244 11265 208
238 239 339 541 15229 281
343 81 1117 1390 6325 49