198
53 86 14 385 22123 711
131 147 379 383 25681 1266
167 323 101 797 23471 646
232 351 378 1178 7563 974
298 308 191 650 21415 723
124 254 268 1175 21943 984
185 255 286 924 5872 535
357 212 210 617 10687 1414
139 10 350 903 6922 123
345 353 321 718 2193 141
187 323 79 825 13229 368
276 132 65 627 15169 40
135 62 75 901 24606 701
11 356 288 1017 140 1080
203 254 140 1109 15781 820
59 150 243 493 2709 989
60 83 193 636 13122 205
299 13 146 975 7810 129
338 194 42 803 10099 1136
88 367 221 852 9868 908
342 385 386 911 20376 1431
212 264 358 441 15932 921
14 398 303 1214 4901 1025
8 264 11 161 5504 968
275 269 389 1114 25033 482
327 301 150 355 7240 1336
81 244 69 633 21320 850
152 301 315 624 24237 419
336 257 99 565 25145 764
138 85 9 569 6893 1279
384 13 272 1161 22326 564
338 142 159 798 12209 207
220 255 350 506 9277 700
168 122 292 586 8449 508
278 66 6 741 3283 987
251 25 322 1297 6034 1040
341 277 270 473 7692 839
186 168 203 270 8091 14
281 23 262 1258 19629 159
297 95 185 711 10400 188
302 209 289 968 20970 1269
323 178 203 1156 2389 278
151 41 28 1026 24729 1333
272 155 346 1302 4297 207
22 202 62 442 17567 1391
272 81 80 443 1689 1235
198 114 387 388 18734 361
377 215 11 475 24542 290
184 243 130 999 10580 984
354 116 289 721 1476 278
212 112 249 517 16107 1082
295 50 42 875 22483 305
157 285 250 833 4624 89
124 73 301 1188 1112 1410
256 143 277 528 14215 370
388 274 292 1246 23530 1321
165 386 96 110 7777 1254
130 384 305 678 20950 419
254 349 79 320 4318 1029
307 170 122 470 14986 980
269 152 152 223 6928 605
243 299 333 944 4096 1416
232 89 65 731 5065 243
173 366 264 634 22663 99
243 358 388 1136 21862 330
68 81 56 191 2624 474
322 98 170 975 12954 1148
153 338 229 751 7009 558
233 237 19 799 27080 300
370 217 175 559 14726 102
105 366 142 642 25138 48
389 231 190 607 21138 1000
109 337 172 219 4594 669
378 357 264 855 11551 1022
292 112 10 588 5203 938
101 236 281 1184 20608 462
39 198 25 708 6503 662
380 365 291 428 21154 394
51 353 208 772 14736 795
357 370 373 1096 4761 1032
379 123 320 1148 14739 107
178 386 246 251 24528 607
376 208 79 452 8498 695
60 167 338 699 24650 1312
68 215 385 1231 15143 1153
182 61 69 337 13985 714
24 335 209 643 519 960
81 254 376 623 8633 300
373 191 4 346 25746 287
201 330 78 313 20431 1327
23 80 0 61 17472 344
95 280 118 253 19989 628
304 75 108 1021 24803 367
155 336 337 764 13855 620
77 330 210 816 1174 91
370 71 288 884 1928 356
81 151 376 727 25129 2
101 281 300 1144 7076 627
68 207 65 494 13468 228
362 364 344 832 20231 1291
341 158 359 917 17017 244
356 90 39 959 12358 155
366 268 22 613 7944 869
106 106 172 549 23548 730
258 161 21 1011 2348 1371
208 365 221 687 10013 1314
383 198 158 501 2370 43
67 160 368 567 7440 702
273 61 176 190 21685 259
133 1 174 939 23643 464
315 68 302 966 26368 143
85 257 55 700 8334 371
348 292 263 628 7718 5
303 109 326 849 9357 1260
370 369 81 948 19403 1063
335 328 382 1356 11390 1258
294 380 7 687 7339 195
311 190 287 514 20135 322
203 214 57 607 21376 361
157 189 266 351 12455 1239
10 97 239 819 15307 965
269 85 0 161 2728 74
330 395 233 1162 17337 27
300 279 255 547 22358 1169
322 178 25 402 23850 745
284 26 136 636 4110 1142
169 155 0 982 19302 347
291 183 329 472 23716 81
74 240 159 170 10488 474
119 14 171 263 12337 656
41 320 375 981 7587 626
79 23 292 469 8546 524
197 248 335 453 3406 1025
357 59 18 650 25474 355
208 62 231 580 18692 1405
60 303 191 963 7472 1192
83 184 332 1234 17007 816
245 39 377 1012 16893 948
325 217 210 583 18744 524
49 275 166 590 480 1358
173 341 345 1337 11500 951
43 183 134 982 25376 724
399 44 224 282 24254 1212
130 135 121 531 6719 590
34 52 283 764 3050 401
256 267 288 1243 12102 1118
380 395 72 832 739 147
64 226 97 152 14059 186
352 237 164 554 12971 152
118 94 32 776 22965 853
64 12 2 210 11880 896
189 222 331 579 24281 100
186 223 336 1315 26588 973
133 326 258 830 14658 943
353 18 322 692 26075 1341
169 396 194 790 15134 1020
36 183 55 854 18605 468
179 78 397 544 9139 771
348 85 199 278 25869 1148
125 88 169 870 14154 676
161 170 351 1318 14072 666
271 164 313 1052 20903 459
177 133 111 492 18107 264
74 38 89 948 8951 533
197 358 30 112 6147 1338
70 215 219 1177 17432 991
228 399 382 944 19444 819
156 105 28 549 14167 1178
264 186 273 954 20302 796
157 85 357 366 21699 1382
235 263 206 570 4524 1010
4 335 30 128 6923 655
30 158 243 1127 7588 432
149 392 47 875 17109 914
45 170 331 526 5135 816
114 134 397 489 15466 1003
168 358 249 771 1523 920
333 302 242 557 6373 1072
121 7 193 214 19479 193
66 303 348 1072 1595 352
111 191 155 573 20929 864
22 279 367 369 475 662
2 365 231 258 19848 371
272 367 325 949 18508 1200
265 174 190 613 7947 1101
147 315 178 777 7540 521
58 124 274 324 16877 1194
19 262 352 1035 3823 724
150 97 373 1057 7245 105
197 246 52 169 8177 176
91 50 310 754 21950 1180
137 48 353 1327 16387 1334
21 257 242 897 1943 652
181 82 176 294 4060 402
324 349 137 924 18667 164
346 6 304 909 24290 182
3 32 241 999 26783 1066
256 154 78 550 2917 1376