183
200 200 0 0 22822 20
201 201 0 2 6442 20
202 202 0 4 13441 20
203 203 0 5 10763 20
204 204 0 7 22310 20
205 205 0 8 1194 20
206 206 0 10 26437 20
207 207 0 11 6822 20
208 208 0 13 15756 20
209 209 0 14 9047 20
210 210 0 16 26731 20
212 212 0 18 5012 20
213 213 0 19 24050 20
214 214 0 21 24213 20
215 215 0 22 7840 20
216 216 0 24 18699 20
217 217 0 25 25528 20
218 218 0 27 9705 20
219 219 0 28 24103 20
220 220 0 30 5146 20
221 221 0 31 5092 20
222 222 0 33 23157 20
224 224 0 35 13768 20
225 225 0 36 20916 20
226 226 0 38 17602 20
227 227 0 39 572 20
228 228 0 41 4109 20
229 229 0 42 22911 20
230 230 0 44 20098 20
231 231 0 45 25029 20
232 232 0 47 22926 20
233 233 0 48 18787 20
234 234 0 50 15198 20
236 236 0 52 16291 20
237 237 0 53 20597 20
238 238 0 55 3074 20
239 239 0 56 13875 20
240 240 0 58 23819 20
241 241 0 59 1586 20
242 242 0 61 23200 20
243 243 0 62 9136 20
244 244 0 64 21663 20
245 245 0 65 15642 20
246 246 0 67 8910 20
248 248 0 69 12055 20
249 249 0 70 14461 20
250 250 0 72 13435 20
251 251 0 73 707 20
252 252 0 75 6216 20
253 253 0 76 4051 20
254 254 0 78 22679 20
255 255 0 79 15645 20
256 256 0 81 10005 20
257 257 0 82 18633 20
259 259 0 84 8178 20
260 260 0 86 672 20
261 261 0 87 4728 20
262 262 0 89 9060 20
263 263 0 90 1997 20
264 264 0 92 25941 20
265 265 0 93 6876 20
266 266 0 95 9217 20
267 267 0 96 14319 20
268 268 0 98 1737 20
269 269 0 99 9511 20
271 271 0 101 16366 20
272 272 0 103 16548 20
273 273 0 104 21103 20
274 274 0 106 17157 20
275 275 0 107 5027 20
276 276 0 109 21365 20
277 277 0 110 15408 20
278 278 0 112 13246 20
279 279 0 113 21990 20
280 280 0 115 279 20
281 281 0 116 16962 20
283 283 0 118 27154 20
284 284 0 120 11848 20
285 285 0 121 19735 20
286 286 0 123 19345 20
287 287 0 124 5905 20
288 288 0 126 9893 20
289 289 0 127 13269 20
290 290 0 129 22192 20
291 291 0 130 14050 20
292 292 0 132 20668 20
293 293 0 133 5999 20
295 295 0 135 19762 20
296 296 0 137 10953 20
297 297 0 138 17373 20
298 298 0 140 9576 20
299 299 0 141 19545 20
300 300 0 143 12441 20
301 301 0 144 10049 20
302 302 0 146 3349 20
303 303 0 147 19703 20
304 304 0 149 20661 20
306 306 0 150 13594 20
307 307 0 152 19456 20
308 308 0 154 2847 20
309 309 0 155 18624 20
310 310 0 157 8435 20
311 311 0 158 23349 20
312 312 0 160 10970 20
313 313 0 161 23420 20
314 314 0 163 3999 20
315 315 0 164 16212 20
316 316 0 166 4483 20
318 318 0 167 14060 20
319 319 0 169 21635 20
320 320 0 171 3634 20
321 321 0 172 21549 20
322 322 0 174 19125 20
323 323 0 175 17645 20
324 324 0 177 25265 20
325 325 0 178 11724 20
326 326 0 180 3126 20
327 327 0 181 22115 20
328 328 0 183 14656 20
330 330 0 184 25601 20
331 331 0 186 17032 20
332 332 0 188 23079 20
333 333 0 189 328 20
334 334 0 191 19421 20
335 335 0 192 22244 20
336 336 0 194 1916 20
337 337 0 195 11833 20
338 338 0 197 10466 20
339 339 0 198 3784 20
340 340 0 200 5403 20
342 342 0 201 3339 20
343 343 0 203 11086 20
344 344 0 205 11410 20
345 345 0 206 16304 20
346 346 0 208 2839 20
347 347 0 209 24648 20
348 348 0 211 15773 20
349 349 0 212 13411 20
350 350 0 214 801 20
351 351 0 215 17031 20
353 353 0 217 7945 20
354 354 0 218 21181 20
355 355 0 220 5121 20
356 356 0 222 24854 20
357 357 0 223 17129 20
358 358 0 225 11573 20
359 359 0 226 13755 20
360 360 0 228 9408 20
361 361 0 229 20735 20
362 362 0 231 5773 20
363 363 0 232 24455 20
365 365 0 234 13104 20
366 366 0 235 20758 20
367 367 0 237 22162 20
368 368 0 239 21503 20
369 369 0 240 17839 20
370 370 0 242 27019 20
371 371 0 243 25947 20
372 372 0 245 2217 20
373 373 0 246 12050 20
374 374 0 248 7346 20
375 375 0 249 14041 20
377 377 0 251 8873 20
378 378 0 252 17005 20
379 379 0 254 8385 20
380 380 0 256 23618 20
381 381 0 257 3266 20
382 382 0 259 25308 20
383 383 0 260 8348 20
384 384 0 262 16042 20
385 385 0 263 1088 20
386 386 0 265 18858 20
387 387 0 266 11251 20
389 389 0 268 2594 20
390 390 0 269 2050 20
391 391 0 271 12236 20
392 392 0 273 10117 20
393 393 0 274 21023 20
394 394 0 276 4615 20
395 395 0 277 26844 20
396 396 0 279 13166 20
397 397 0 280 23296 20
398 398 0 282 11285 20