25
185 323 2 446 24132 1440
239 157 79 447 22040 1440
395 258 339 446 5867 1440
126 182 329 499 8654 1440
158 229 230 406 26717 1440
236 34 288 408 7631 1440
153 251 174 488 10392 1440
194 20 275 494 24853 1440
62 352 141 446 12855 1440
95 68 105 454 5199 1440
239 352 360 496 11500 1440
75 140 260 431 12975 1440
325 1 268 436 17138 1440
274 231 103 438 22712 1440
339 358 30 490 5872 1440
242 247 128 427 8683 1440
137 22 54 481 14395 1440
209 71 196 402 20685 1440
27 289 364 471 4463 1440
158 273 225 460 21316 1440
189 364 107 496 7013 1440
109 225 117 465 20089 1440
67 208 263 409 16140 1440
303 371 185 493 22410 1440
165 201 270 486 14146 1440