178
319 394 259 531 16774 3
319 394 327 726 23942 6
319 394 136 629 18849 2
319 394 123 972 15174 2
319 394 49 1163 20480 2
319 394 2 829 10488 7
319 394 439 670 7575 4
319 394 263 600 18830 1
319 394 278 1104 22356 5
319 394 373 829 22889 5
319 394 415 516 19725 0
319 394 144 862 19331 1
319 394 269 602 23769 4
319 394 496 1194 12459 4
319 394 235 596 19915 5
319 394 10 862 6901 1
319 394 429 932 3149 5
319 394 44 1008 22214 3
319 394 182 658 13805 1
319 394 420 588 7662 0
319 394 212 512 21889 3
319 394 368 1191 13466 3
319 394 334 720 24485 1
319 394 390 563 10418 2
319 394 343 1151 26589 0
319 394 470 609 541 5
319 394 389 1183 10880 2
319 394 71 1015 19596 2
319 394 452 1127 12884 5
319 394 86 946 1745 2
319 394 299 1097 15991 7
319 394 301 848 17906 5
319 394 331 517 10050 5
319 394 287 693 9372 6
319 394 212 1190 23443 6
319 394 111 717 23349 6
319 394 220 515 14026 4
319 394 414 685 25280 4
319 394 190 812 5176 2
319 394 90 1182 9439 7
319 394 441 924 16390 6
319 394 444 511 25358 5
319 394 55 1174 22160 2
319 394 424 1029 21372 1
319 394 152 1057 9486 4
319 394 366 574 19068 6
319 394 333 914 15522 4
319 394 273 848 7362 4
319 394 278 634 26898 3
319 394 247 612 6326 1
319 394 194 1043 5664 4
319 394 341 914 24831 4
319 394 248 1044 24832 0
319 394 444 1145 17122 6
319 394 45 1128 2772 0
319 394 158 1116 20700 5
319 394 107 1009 13303 6
319 394 168 522 5193 7
319 394 5 901 26278 3
319 394 136 802 4541 6
319 394 100 748 3395 2
319 394 488 1147 1289 3
319 394 171 1093 20933 1
319 394 128 709 21279 3
319 394 242 1196 14387 7
319 394 73 777 3745 4
319 394 47 1021 5814 4
319 394 388 781 13676 2
319 394 306 762 19367 4
319 394 39 843 21658 7
319 394 205 1175 828 0
319 394 425 506 10595 0
319 394 89 644 22516 7
319 394 290 940 22186 6
319 394 8 868 6616 2
319 394 96 1007 24365 5
319 394 498 831 6377 4
319 394 499 565 26718 4
319 394 103 524 25848 4
319 394 163 822 24008 7
319 394 10 977 20969 0
319 394 86 832 8119 4
319 394 207 886 4311 5
319 394 244 769 13801 4
319 394 286 533 22784 5
319 394 371 692 18057 4
319 394 252 647 21492 3
319 394 135 673 2803 7
319 394 398 1109 17655 7
319 394 378 551 17502 6
319 394 495 1179 16139 1
319 394 72 1120 23845 0
319 394 348 983 16043 0
319 394 467 901 2349 5
319 394 123 966 17075 3
319 394 231 579 24243 5
319 394 467 1194 15215 1
319 394 426 1089 23895 7
319 394 414 986 3334 0
319 394 202 530 20576 4
319 394 46 743 21790 6
319 394 409 542 27193 2
319 394 189 550 18244 5
319 394 378 1096 3894 2
319 394 146 685 8178 1
319 394 10 1117 307 4
319 394 148 1140 26052 2
319 394 321 990 1170 6
319 394 386 514 18567 1
319 394 335 651 5443 4
319 394 91 1153 26307 2
319 394 369 561 4596 7
319 394 217 986 24351 0
319 394 124 552 10916 1
319 394 149 1183 2044 1
319 394 420 644 11893 0
319 394 352 857 19341 0
319 394 160 549 16837 4
319 394 17 1146 24428 7
319 394 465 998 25009 7
319 394 218 1147 16002 0
319 394 137 616 11961 4
319 394 124 837 12797 7
319 394 250 1134 22809 3
319 394 334 938 16072 6
319 394 473 1188 8026 1
319 394 245 641 20346 3
319 394 157 923 13802 4
319 394 126 667 25688 6
319 394 477 526 5554 1
319 394 60 1121 4337 7
319 394 437 874 22924 7
319 394 435 1134 20815 7
319 394 122 1060 15504 0
319 394 447 1107 10207 2
319 394 124 757 10459 2
319 394 336 1181 5053 1
319 394 55 960 23215 5
319 394 496 587 253 7
319 394 314 563 16139 3
319 394 93 1032 18547 0
319 394 259 604 15 7
319 394 141 730 2913 1
319 394 139 619 8603 3
319 394 441 707 21408 1
319 394 18 779 1630 6
319 394 69 688 9607 3
319 394 68 826 19922 3
319 394 454 964 7975 2
319 394 245 1034 11172 6
319 394 267 1005 24295 5
319 394 109 743 5673 2
319 394 378 645 3874 5
319 394 68 792 15918 1
319 394 444 736 9412 3
319 394 262 1099 14114 5
319 394 182 768 11490 7
319 394 472 902 20395 5
319 394 114 1144 25141 6
319 394 348 979 4373 6
319 394 12 703 6529 2
319 394 7 667 14840 0
319 394 479 1050 20928 5
319 394 343 667 16847 7
319 394 470 1125 6689 4
319 394 28 1028 2273 7
319 394 77 646 3990 0
319 394 99 644 17538 0
319 394 488 810 7123 0
319 394 495 1076 21163 5
319 394 123 928 17071 3
319 394 426 623 23421 3
319 394 0 1151 13865 3
319 394 252 551 10939 7
319 394 327 776 1740 6
319 394 53 721 8010 5
319 394 93 728 21563 2
319 394 214 1024 7020 7