192
200 199 0 1 2 1
200 201 0 4 2 1
200 198 0 8 3 1
200 202 0 13 3 1
200 197 0 19 4 1
200 203 0 26 4 1
200 196 0 34 5 1
200 204 0 43 5 1
200 195 0 53 6 1
200 205 0 64 6 1
200 194 0 76 7 1
200 206 0 89 7 1
200 193 0 103 8 1
200 207 0 118 8 1
200 192 0 134 9 1
200 208 0 151 9 1
200 191 0 169 10 1
200 209 0 188 10 1
200 190 0 208 11 1
200 210 0 229 11 1
200 189 0 251 12 1
200 211 0 274 12 1
200 188 0 298 13 1
200 212 0 323 13 1
200 187 0 349 14 1
200 213 0 376 14 1
200 186 0 404 15 1
200 214 0 433 15 1
200 185 0 463 16 1
200 215 0 494 16 1
200 184 0 526 17 1
200 216 0 559 17 1
200 183 0 593 18 1
200 217 0 628 18 1
200 182 0 664 19 1
200 218 0 701 19 1
200 181 0 739 20 1
200 219 0 778 20 1
200 180 0 818 21 1
200 220 0 859 21 1
200 179 0 901 22 1
200 221 0 944 22 1
200 178 0 988 23 1
200 222 0 1033 23 1
200 177 0 1079 24 1
200 223 0 1126 24 1
200 176 0 1174 25 1
200 224 0 1223 25 1
200 175 0 1273 26 1
200 225 0 1324 26 1
200 174 0 1376 27 1
200 218 0 1429 27 1
97 130 961 1333 9 27
108 302 745 975 14 42
94 393 1153 1312 4 12
279 275 312 691 8 24
193 237 571 1385 13 39
225 329 384 1081 4 12
256 294 600 1070 1 3
150 361 882 1215 3 9
390 53 1200 1282 10 30
360 299 234 418 10 30
379 168 694 1065 9 27
380 346 229 1411 12 36
380 246 1191 1429 11 33
84 337 756 890 10 30
147 144 507 1210 3 9
101 182 580 1029 10 30
125 258 627 960 14 42
87 292 1084 1251 11 33
173 228 127 1249 6 18
366 14 529 796 4 12
185 112 811 1061 1 3
62 376 952 1199 9 27
247 305 644 1339 13 39
44 196 646 896 6 18
66 175 1192 1356 4 12
336 300 72 222 1 3
182 360 864 900 4 12
147 89 915 1380 11 33
383 107 483 1075 11 33
344 114 788 818 5 15
395 297 1247 1331 11 33
291 276 505 1370 13 39
53 161 23 906 8 24
315 176 1248 1315 1 3
84 60 832 907 13 39
254 331 283 497 4 12
16 49 687 1339 8 24
174 358 1390 1399 5 15
162 103 64 1078 4 12
91 267 802 807 1 3
379 261 646 819 1 3
143 9 1218 1281 6 18
343 88 1104 1301 10 30
398 123 749 779 1 3
302 37 626 1073 5 15
29 161 1146 1237 13 39
181 242 519 1109 14 42
382 309 1059 1219 12 36
137 259 1138 1244 9 27
68 62 1377 1418 1 3
143 278 874 1066 9 27
243 194 116 797 8 24
120 236 1345 1430 14 42
331 148 58 566 4 12
98 210 360 1335 9 27
231 94 1019 1193 9 27
179 312 106 1091 12 36
297 228 866 974 4 12
196 44 432 585 1 3
261 187 975 1327 5 15
220 266 463 672 13 39
166 372 1254 1296 12 36
335 391 674 824 8 24
37 81 199 633 14 42
359 141 811 826 4 12
103 64 212 419 3 9
57 48 396 986 14 42
73 37 563 806 8 24
74 143 624 1262 4 12
251 11 187 493 2 6
230 331 11 571 5 15
32 367 1296 1397 3 9
21 69 900 1119 3 9
309 196 1230 1253 3 9
151 388 418 450 10 30
193 245 980 1143 6 18
265 55 273 1236 11 33
240 14 100 559 10 30
98 316 224 1029 9 27
135 220 440 826 9 27
79 67 1011 1081 12 36
91 369 1052 1289 12 36
166 126 99 195 13 39
175 218 1210 1259 3 9
398 42 136 1084 9 27
391 346 214 1272 8 24
201 295 206 874 9 27
271 17 276 656 8 24
29 29 257 802 4 12
36 62 1155 1339 3 9
332 307 371 1215 1 3
260 210 308 1281 6 18
277 84 403 635 2 6
382 385 434 923 1 3
2 14 49 1323 9 27
287 14 1110 1417 3 9
181 291 1182 1374 4 12
139 79 936 1224 4 12
347 41 796 1382 8 24
91 238 2 1419 12 36
249 345 881 1285 14 42
393 210 1009 1341 8 24
219 76 423 1247 5 15
335 120 1168 1396 2 6
355 399 1253 1253 7 21
384 240 801 1314 14 42
24 230 428 945 9 27
50 55 294 334 2 6
331 51 47 100 2 6
46 119 900 1392 9 27
132 287 408 1409 12 36
252 164 160 1316 4 12
299 48 591 1266 13 39
374 174 1332 1412 2 6
174 74 1186 1303 5 15
78 250 578 1025 6 18
104 327 295 1384 5 15
31 279 190 675 1 3
244 56 76 221 2 6
316 180 1059 1178 14 42
373 257 738 740 8 24
251 148 1096 1264 8 24
182 9 1341 1346 9 27
22 384 627 1122 11 33
357 286 1396 1416 7 21
103 120 711 963 8 24
341 393 413 1013 9 27
62 280 0 599 4 12
361 5 64 961 1 3
166 89 1216 1276 8 24
100 279 491 536 13 39
278 215 48 598 13 39
21 249 1218 1219 3 9
192 177 139 1040 13 39
353 14 498 1135 1 3
302 223 436 931 5 15
342 224 641 1289 8 24
252 105 1104 1146 5 15
391 22 1238 1271 13 39
187 237 32 457 3 9