199
202 214 0 1440 7 13
204 204 0 1440 12 6
206 203 0 1440 17 5
208 180 0 1440 22 9
210 212 0 1440 27 10
212 186 0 1440 32 6
214 212 0 1440 37 8
216 202 0 1440 42 12
218 187 0 1440 47 11
220 203 0 1440 52 12
222 180 0 1440 57 12
224 214 0 1440 62 10
226 217 0 1440 67 8
228 194 0 1440 72 8
230 214 0 1440 77 10
232 207 0 1440 82 8
234 215 0 1440 87 13
236 208 0 1440 92 11
238 213 0 1440 97 8
240 207 0 1440 102 10
242 219 0 1440 107 10
244 185 0 1440 112 9
246 180 0 1440 117 13
248 212 0 1440 122 11
1 3 50 1440 300 8
252 206 0 1440 132 12
254 215 0 1440 137 10
256 181 0 1440 142 9
258 201 0 1440 147 9
260 198 0 1440 152 13
262 180 0 1440 157 5
264 216 0 1440 162 7
266 218 0 1440 167 8
268 204 0 1440 172 10
270 198 0 1440 177 9
272 217 0 1440 182 14
274 214 0 1440 187 14
276 209 0 1440 192 11
278 190 0 1440 197 10
280 202 0 1440 202 6
282 212 0 1440 207 14
284 189 0 1440 212 5
286 199 0 1440 217 13
288 210 0 1440 222 13
290 208 0 1440 227 5
292 213 0 1440 232 9
294 187 0 1440 237 10
3 4 50 1440 300 10
298 209 0 1440 247 9
300 201 0 1440 252 7
302 209 0 1440 257 10
304 180 0 1440 262 10
306 202 0 1440 267 11
308 196 0 1440 272 5
310 187 0 1440 277 11
312 195 0 1440 282 5
314 202 0 1440 287 5
316 196 0 1440 292 6
318 191 0 1440 297 6
320 193 0 1440 302 10
5 5 50 1440 300 6
324 201 0 1440 312 14
326 183 0 1440 317 10
328 185 0 1440 322 11
330 203 0 1440 327 7
332 212 0 1440 332 10
334 217 0 1440 337 11
336 216 0 1440 342 13
338 209 0 1440 347 7
340 218 0 1440 352 5
342 207 0 1440 357 12
344 184 0 1440 362 9
346 194 0 1440 367 8
348 193 0 1440 372 10
350 219 0 1440 377 11
352 181 0 1440 382 9
354 214 0 1440 387 6
356 204 0 1440 392 9
358 187 0 1440 397 8
360 219 0 1440 402 11
362 202 0 1440 407 9
364 210 0 1440 412 9
366 213 0 1440 417 14
368 202 0 1440 422 6
370 202 0 1440 427 12
372 199 0 1440 432 5
374 196 0 1440 437 5
376 205 0 1440 442 14
378 204 0 1440 447 9
380 219 0 1440 452 6
382 180 0 1440 457 13
384 186 0 1440 462 14
386 216 0 1440 467 11
388 214 0 1440 472 10
390 187 0 1440 477 9
392 191 0 1440 482 8
394 195 0 1440 487 13
396 200 0 1440 492 5
398 195 0 1440 497 8
400 180 0 1440 502 6
10 0 50 1440 300 6
9 0 50 1440 300 6
8 0 50 1440 300 10
7 0 50 1440 300 10
6 0 50 1440 300 9
5 0 50 1440 300 9
4 0 50 1440 300 10
3 0 50 1440 300 9
2 0 50 1440 300 8
1 1 50 1440 300 9
2 1 50 1440 300 6
3 1 50 1440 300 5
4 1 50 1440 300 8
5 1 50 1440 300 8
6 1 50 1440 300 11
7 1 50 1440 300 8
8 1 50 1440 300 8
9 1 50 1440 300 10
10 1 50 1440 300 6
11 2 50 1440 300 9
10 2 50 1440 300 10
9 2 50 1440 300 7
8 2 50 1440 300 8
7 2 50 1440 300 10
6 2 50 1440 300 6
5 2 50 1440 300 6
4 2 50 1440 300 11
3 2 50 1440 300 9
2 2 50 1440 300 6
250 193 0 1440 127 7
2 3 50 1440 300 8
3 3 50 1440 300 11
4 3 50 1440 300 5
5 3 50 1440 300 12
6 3 50 1440 300 11
7 3 50 1440 300 5
8 3 50 1440 300 12
9 3 50 1440 300 11
10 3 50 1440 300 10
11 4 50 1440 300 10
10 4 50 1440 300 10
9 4 50 1440 300 10
8 4 50 1440 300 10
7 4 50 1440 300 6
6 4 50 1440 300 8
5 4 50 1440 300 6
4 4 50 1440 300 10
296 207 0 1440 242 12 
2 4 50 1440 300 10
1 5 50 1440 300 9
2 5 50 1440 300 9
3 5 50 1440 300 10
4 5 50 1440 300 10
322 180 0 1440 307 12 
6 5 50 1440 300 10
7 5 50 1440 300 9
8 5 50 1440 300 7
9 5 50 1440 300 10
10 5 50 1440 300 5
11 6 50 1440 300 10
10 6 50 1440 300 9
9 6 50 1440 300 6
8 6 50 1440 300 10
7 6 50 1440 300 8
6 6 50 1440 300 9
5 6 50 1440 300 9
4 6 50 1440 300 9
3 6 50 1440 300 7
2 6 50 1440 300 5
1 7 50 1440 300 6
2 7 50 1440 300 8
3 7 50 1440 300 9
4 7 50 1440 300 9
5 7 50 1440 300 8
6 7 50 1440 300 10
7 7 50 1440 300 11
8 7 50 1440 300 10
9 7 50 1440 300 5
10 7 50 1440 300 7
11 8 50 1440 300 9
10 8 50 1440 300 3
9 8 50 1440 300 11
8 8 50 1440 300 3
7 8 50 1440 300 5
6 8 50 1440 300 8
5 8 50 1440 300 7
4 8 50 1440 300 7
3 8 50 1440 300 6
2 8 50 1440 300 7
1 9 50 1440 300 3
2 9 50 1440 300 5
3 9 50 1440 300 3
4 9 50 1440 300 8
5 9 50 1440 300 6
6 9 50 1440 300 5
7 9 50 1440 300 6
8 9 50 1440 300 2
9 9 50 1440 300 7
10 9 50 1440 300 5