58
196 208 0 1440 7 42
215 216 0 1440 12 56
221 224 0 1440 17 49
195 232 0 1440 22 43
214 240 0 1440 27 54
206 248 0 1440 32 44
214 256 0 1440 37 57
178 264 0 1440 42 59
180 272 0 1440 47 42
193 280 0 1440 52 44
195 288 0 1440 57 48
185 296 0 1440 62 53
181 304 0 1440 67 58
190 312 0 1440 72 59
219 320 0 1440 77 42
201 328 0 1440 82 58
179 336 0 1440 87 57
206 344 0 1440 92 55
184 352 0 1440 95 49
181 360 0 1440 95 41
202 368 0 1440 95 42
228 376 0 1440 95 48
198 384 0 1440 95 51
209 392 0 1440 95 55
225 400 0 1440 95 55
148 0 0 212 80 50
152 0 0 266 80 50
146 0 0 322 85 50
154 0 0 380 85 50
144 0 0 440 90 50
156 0 0 502 90 50
142 0 0 566 95 50
158 0 0 632 95 50
140 0 0 700 100 50
160 0 0 770 100 50
138 0 0 842 105 50
162 0 0 916 105 50
136 0 0 992 110 50
164 0 0 1070 110 50
134 0 0 1150 115 50
166 0 0 1232 115 120
132 0 0 1316 120 120
168 0 0 1402 120 120
210 242 0 1440 7 46
220 238 0 1440 12 46
230 243 0 1440 17 46
240 236 0 1440 22 46
250 247 0 1440 27 46
260 240 0 1440 32 46
270 248 0 1440 37 46
280 230 0 1440 42 46
290 241 0 1440 47 46
300 237 0 1440 52 46
310 249 0 1440 57 46
320 245 0 1440 62 46
330 236 0 1440 67 46
340 237 0 1440 72 46
350 238 0 1440 77 46