25
205 200 0 1440 41 900
210 200 0 10 5 10
220 200 0 80 10 10  
230 200 0 210 15 10
240 200 0 360 20 10
250 200 0 530 25 10 
260 200 0 770 30 10  
270 200 0 1040 35 10 
280 200 0 1370 40 10 
290 200 0 500 1 10 
300 200 0 90 1 10
310 200 0 200 1 10  
320 200 400 1200 1 10 
190 200 0 40 5 10 
180 200 0 130 10 10 
170 200 0 260 15 10 
160 200 0 430 20 10 
150 200 1 650 25 10 
140 200 0 910 30 10 
130 200 0 1200 35 10 
120 200 300 350 1 10 
110 200 0 1440 1 10 
100 200 0 240 1 10 
90 200 0 240 1 10  
80 200 0 1430 1 10