200
200 200 10 20 20000 10
200 200 0 0 10000 25
200 200 30 40 20000 10
200 200 25 25 10000 25
244 136 249 358 2406 19
201 370 1125 1376 1982 18
85 118 708 1192 1640 17
97 27 245 524 272 19
348 18 175 1139 1147 19
388 274 670 930 1270 12
269 389 950 1083 861 19
383 105 1051 1129 256 17
170 170 887 906 1043 17
75 380 909 1018 1050 11
0 17 414 1370 1914 17
228 159 602 915 2471 17
29 240 296 1029 690 13
85 39 968 1078 1606 12
264 285 731 848 2335 13
213 151 974 1121 310 10
389 353 354 632 773 15
122 177 998 1296 2403 12
192 303 519 1268 990 18
242 307 718 746 1464 13
290 223 459 1370 2416 16
176 129 1288 1344 918 15
163 396 602 699 2556 19
192 334 811 947 859 10
275 395 1215 1278 1633 11
188 310 118 420 1303 14
59 382 275 603 2678 18
238 362 843 1006 2672 15
138 121 209 1119 676 10
23 376 840 1027 2210 10
261 239 1272 1336 43 14
212 320 15 736 2631 16
28 80 777 1126 2530 19
1 60 178 393 2091 10
397 114 1188 1359 1520 11
73 210 162 870 1443 10
89 92 1176 1345 1762 15
149 46 1345 1384 933 16
103 129 1338 1361 587 17
123 36 956 1360 2303 19
241 287 209 682 522 10
121 369 407 1277 688 15
293 261 341 903 2310 13
375 379 513 1184 892 19
95 86 1080 1390 535 18
169 249 1422 1439 2502 10
345 265 204 297 2009 11
144 312 1349 1356 1954 15
95 306 7 173 2681 11
237 208 877 992 901 12
43 211 67 810 2608 17
153 168 1370 1380 257 16
4 287 297 356 1024 12
170 47 984 1127 2054 13
316 345 601 1237 2241 16
126 399 823 855 2634 14
353 299 1321 1429 1135 12
393 48 358 1266 1280 19
256 146 791 1042 490 17
110 354 39 1022 1121 13
286 265 217 1178 1349 15
27 108 1064 1387 2346 11
86 164 467 686 367 15
317 30 1025 1091 1591 16
336 167 637 773 870 18
82 202 104 605 1671 15
222 46 1304 1323 891 11
83 48 581 799 1982 17
160 31 150 756 2537 10
102 276 407 576 1510 18
182 222 616 890 1604 18
215 43 174 1190 453 10
302 398 1398 1427 125 19
379 164 237 259 2548 19
17 157 1061 1251 125 17
397 255 476 723 524 14
333 178 238 668 2140 11
96 228 761 1420 1190 17
9 386 496 848 1828 18
399 336 1376 1420 1665 15
57 237 781 1075 177 13
285 361 1319 1325 1956 19
308 398 708 817 1670 12
33 228 533 906 2026 19
203 137 103 878 1730 17
370 97 136 1385 1882 17
398 196 496 1204 2517 13
46 111 1318 1437 2363 15
111 360 391 808 2190 13
88 163 968 1081 1976 18
220 148 312 1033 841 12
89 344 213 910 2340 16
377 291 618 1338 1766 19
0 396 460 764 543 13
210 203 36 234 1517 13
57 323 486 763 943 13
244 16 1326 1407 1903 10
236 159 1408 1409 354 17
200 141 842 1022 1022 13
34 307 748 1229 2310 14
325 257 478 518 1061 15
129 132 1031 1377 403 11
209 393 1396 1437 1345 18
321 328 1157 1281 869 16
3 66 581 1167 422 18
259 388 680 865 1803 17
273 128 1217 1296 70 10
92 63 341 641 1647 16
92 85 778 1311 224 12
27 336 185 1169 1725 15
327 141 816 1052 2503 15
268 132 1162 1372 895 15
113 319 785 884 1242 11
214 240 536 593 1231 18
295 241 140 239 635 10
17 11 369 685 788 16
269 262 528 854 2468 19
369 72 1086 1369 113 18
30 316 471 508 2340 12
120 135 1259 1352 1354 14
7 234 998 1249 2468 13
120 176 376 1193 43 16
289 60 1430 1432 2225 16
357 159 455 488 888 15
359 104 303 1419 1112 13
103 128 972 1165 1411 15
80 258 1080 1291 2449 19
21 316 1257 1335 2095 18
102 381 7 1112 1408 11
121 360 842 1308 1953 14
246 362 463 1155 1868 15
207 180 531 1292 895 17
39 365 1023 1063 1610 11
192 276 1414 1431 1974 17
3 148 773 1220 2567 16
69 251 886 934 306 18
354 348 620 893 1879 14
28 397 28 84 519 12
207 276 1157 1319 1517 17
378 367 1174 1415 832 17
387 239 527 1230 160 16
97 190 401 596 503 19
305 172 189 1395 443 15
114 97 803 1285 378 16
49 255 1011 1246 510 17
170 308 61 130 30 12
88 345 366 394 1591 17
202 119 1337 1426 1713 10
5 92 1345 1387 920 11
117 328 779 1136 2440 13
222 182 565 945 397 18
55 53 65 873 1482 15
336 314 112 481 816 16
382 126 99 661 47 13
367 151 880 1128 2244 17
174 241 1390 1407 1034 19
267 179 994 1138 1230 14
226 212 1237 1292 2051 16
45 226 277 1247 857 12
29 372 562 876 1703 15
194 369 637 916 246 17
117 22 1045 1056 1416 17
280 351 400 1258 1294 12
138 222 323 1261 463 14
257 184 1375 1418 386 12
96 162 453 905 2336 12
215 45 1178 1362 2408 12
53 268 396 785 1178 10
346 94 445 887 1954 18
297 298 852 1346 2317 19
287 89 1419 1419 2159 17
339 59 644 1312 936 11
203 223 1234 1431 477 16
108 207 1057 1128 183 11
303 42 645 1335 1645 17
212 355 623 649 253 11
257 292 833 1255 1332 13
79 295 242 1129 599 16
40 229 883 1050 1053 12
153 212 119 840 2516 13
92 175 822 836 2126 10
325 361 50 1059 1898 11
339 389 1124 1161 2583 16
277 372 75 458 1018 12
122 368 700 1435 2657 15
119 366 1182 1265 2246 15
370 373 754 1348 1950 10
379 128 1282 1424 1637 17
378 385 148 415 443 18
308 88 64 885 1721 19
116 313 551 1409 810 11
301 152 1437 1438 1003 17
244 195 1093 1340 956 10
346 165 779 804 574 11
399 348 13 780 1642 18
98 1 351 1173 627 16