60
400 400 0 290 1 10
400 400 0 290 1 10
400 400 0 290 1 10
400 0 0 710 1 10
200 0 0 920 1 10
200 0 0 920 1 10
200 0 0 920 1 10
400 0 0 710 1 10
400 0 0 710 1 10
90 133 1162 1260 349 58
315 70 1267 1305 979 68
149 258 487 1109 2375 68
381 16 475 1012 62 68
78 113 1366 1398 1299 56
286 187 171 1425 1252 53
228 145 1166 1299 865 50
125 177 1335 1363 627 66
264 326 1266 1284 919 62
80 22 134 1370 688 50
159 378 1367 1436 1762 54
271 303 800 1132 383 52
237 315 445 1149 489 51
227 206 578 625 2156 53
154 338 184 425 2240 53
58 126 349 1121 1468 66
127 257 400 517 557 51
326 361 860 1166 2061 58
99 78 970 1122 1476 52
123 206 1278 1327 1296 67
2 296 405 636 1452 54
169 372 475 624 1751 63
226 252 151 516 1483 62
341 249 245 807 1145 51
99 141 574 1170 822 60
185 71 863 937 148 68
286 290 334 624 824 63
252 217 1268 1333 1926 52
388 355 516 1000 1452 64
110 237 243 791 142 68
80 61 1361 1376 2548 55
67 0 611 839 275 51
140 64 382 717 1437 57
388 124 270 1082 2379 61
175 334 448 474 634 55
370 273 18 72 2381 65
67 161 1253 1317 2203 68
378 158 391 638 398 51
124 38 1024 1050 650 56
69 23 1190 1409 2065 67
298 353 601 1429 20 57
357 328 272 694 2516 69
83 54 4 828 2409 63
176 145 92 1209 2427 58
103 7 1434 1438 55 68
358 84 559 1043 1640 52
175 175 917 1182 1097 51
266 263 56 911 2394 54
323 151 1327 1370 684 53
209 323 656 683 1074 53
159 109 645 870 1906 56