25
200 200 0 1440 1000 1
200 200 0 1440 1000 1
200 200 0 1440 1000 1
200 200 0 1440 1000 1
200 200 0 1440 1000 1
200 200 0 1440 1000 1
200 200 0 1440 1000 1
200 200 0 1440 1000 1
200 200 0 1440 1000 1
200 200 0 1440 1000 1
200 200 0 1440 1000 1
200 200 0 1440 1000 1
200 200 0 1440 1000 1
200 200 0 1440 1000 1
200 200 0 1440 1000 1
200 200 0 1440 1000 1
200 200 0 1440 1000 1
200 200 0 1440 1000 1
200 200 0 1440 1000 1
200 200 0 1440 1000 1
200 200 0 1440 1000 1
200 200 0 1440 1000 1
400 400 0 290 1 10
400 0 0 710 1 10
200 0 0 920 1 10