41
200 198 0 2 2 2
180 220 0 1440 40 400
200 202 0 8 2 2
250 350 0 1440 50 700
200 196 0 16 4 2
400 400 0 1440 80 900
200 204 0 26 4 2
0 0 0 1440 90 900
200 194 0 38 6 2
400 0 0 1440 90 900
200 206 0 52 6 2
200 192 0 68 8 2
200 208 0 86 8 2
200 190 0 106 10 2
200 210 0 128 10 2
200 188 0 152 12 2
200 212 0 178 12 2
200 186 0 206 14 2
200 214 0 236 14 2
200 184 0 268 16 2
200 216 0 302 16 2
200 182 0 338 18 2
200 218 0 376 18 2
200 180 0 416 20 2
200 220 0 458 20 2
200 178 0 502 22 2
200 222 0 548 22 2
200 176 0 596 24 2
200 224 0 646 24 2
200 174 0 698 26 2
200 226 0 752 26 2
200 172 0 808 28 2
200 228 0 866 28 2
200 170 0 926 30 2
200 230 0 988 30 2
200 168 0 1052 32 2
200 232 0 1118 32 2
200 166 0 1186 34 2
200 234 0 1256 34 2
200 164 0 1328 36 2
200 236 0 1402 36 2